0 0.0163692 0.00778559 0.00729602 0.0166736 0.012118
1 0.016369 0.00778503 0.0072957 0.0166703 0.0121177
2 0.0163687 0.00778448 0.00729538 0.016667 0.0121174
3 0.0163685 0.00778393 0.00729506 0.0166636 0.012117
4 0.0163682 0.00778337 0.00729474 0.0166603 0.0121167
5 0.016368 0.00778282 0.00729441 0.016657 0.0121164
6 0.0163677 0.00778227 0.00729409 0.0166537 0.0121161
7 0.0163675 0.00778172 0.00729377 0.0166504 0.0121157
8 0.0163673 0.00778116 0.00729345 0.0166471 0.0121154
9 0.016367 0.00778061 0.00729313 0.0166437 0.0121151
10 0.0163668 0.00778006 0.00729281 0.0166404 0.0121147
11 0.0163665 0.00777951 0.00729248 0.0166371 0.0121144
12 0.0163663 0.00777896 0.00729216 0.0166338 0.0121141
13 0.016366 0.00777841 0.00729184 0.0166305 0.0121138
14 0.0163658 0.00777786 0.00729152 0.0166271 0.0121134
15 0.0163656 0.00777731 0.0072912 0.0166238 0.0121131
16 0.0163653 0.00777676 0.00729088 0.0166205 0.0121128
17 0.0163651 0.00777621 0.00729055 0.0166172 0.0121124
18 0.0163648 0.00777566 0.00729023 0.0166139 0.0121121
19 0.0163646 0.00777511 0.00728991 0.0166105 0.0121118
20 0.0163643 0.00777456 0.00728959 0.0166072 0.0121114
21 0.0163641 0.00777401 0.00728927 0.0166039 0.0121111
22 0.0163639 0.00777346 0.00728895 0.0166006 0.0121108
23 0.0163636 0.00777291 0.00728863 0.0165972 0.0121105
24 0.0163634 0.00777236 0.0072883 0.0165939 0.0121101
25 0.0163631 0.00777182 0.00728798 0.0165906 0.0121098
26 0.0163629 0.00777127 0.00728766 0.0165873 0.0121095
27 0.0163627 0.00777072 0.00728734 0.0165839 0.0121091
28 0.0163624 0.00777017 0.00728702 0.0165806 0.0121088
29 0.0163622 0.00776963 0.0072867 0.0165773 0.0121085
30 0.0163619 0.00776908 0.00728638 0.0165739 0.0121081
31 0.0163617 0.00776853 0.00728605 0.0165706 0.0121078
32 0.0163615 0.00776799 0.00728573 0.0165673 0.0121075
33 0.0163612 0.00776744 0.00728541 0.016564 0.0121072
34 0.016361 0.00776689 0.00728509 0.0165606 0.0121068
35 0.0163607 0.00776635 0.00728477 0.0165573 0.0121065
36 0.0163605 0.0077658 0.00728445 0.016554 0.0121062
37 0.0163602 0.00776526 0.00728413 0.0165506 0.0121058
38 0.01636 0.00776471 0.00728381 0.0165473 0.0121055
39 0.0163598 0.00776417 0.00728348 0.016544 0.0121052
40 0.0163595 0.00776362 0.00728316 0.0165406 0.0121049
41 0.0163593 0.00776308 0.00728284 0.0165373 0.0121045
42 0.016359 0.00776253 0.00728252 0.016534 0.0121042
43 0.0163588 0.00776199 0.0072822 0.0165306 0.0121039
44 0.0163586 0.00776144 0.00728188 0.0165273 0.0121035
45 0.0163583 0.0077609 0.00728156 0.016524 0.0121032
46 0.0163581 0.00776036 0.00728124 0.0165206 0.0121029
47 0.0163578 0.00775981 0.00728092 0.0165173 0.0121025
48 0.0163576 0.00775927 0.0072806 0.0165139 0.0121022
49 0.0163574 0.00775873 0.00728027 0.0165106 0.0121019
50 0.0163571 0.00775819 0.00727995 0.0165073 0.0121016
51 0.0163569 0.00775764 0.00727963 0.0165039 0.0121012
52 0.0163566 0.0077571 0.00727931 0.0165006 0.0121009
53 0.0163564 0.00775656 0.00727899 0.0164972 0.0121006
54 0.0163562 0.00775602 0.00727867 0.0164939 0.0121002
55 0.0163559 0.00775548 0.00727835 0.0164906 0.0120999
56 0.0163557 0.00775493 0.00727803 0.0164872 0.0120996
57 0.0163554 0.00775439 0.00727771 0.0164839 0.0120993
58 0.0163552 0.00775385 0.00727739 0.0164805 0.0120989
59 0.016355 0.00775331 0.00727707 0.0164772 0.0120986
60 0.0163547 0.00775277 0.00727675 0.0164738 0.0120983
61 0.0163545 0.00775223 0.00727643 0.0164705 0.0120979
62 0.0163542 0.00775169 0.0072761 0.0164672 0.0120976
63 0.016354 0.00775115 0.00727578 0.0164638 0.0120973
64 0.0163538 0.00775061 0.00727546 0.0164605 0.0120969
65 0.0163535 0.00775007 0.00727514 0.0164571 0.0120966
66 0.0163533 0.00774953 0.00727482 0.0164538 0.0120963
67 0.0163531 0.00774899 0.0072745 0.0164504 0.012096
68 0.0163528 0.00774846 0.00727418 0.0164471 0.0120956
69 0.0163526 0.00774792 0.00727386 0.0164437 0.0120953
70 0.0163523 0.00774738 0.00727354 0.0164404 0.012095
71 0.0163521 0.00774684 0.00727322 0.016437 0.0120946
72 0.0163519 0.0077463 0.0072729 0.0164337 0.0120943
73 0.0163516 0.00774577 0.00727258 0.0164303 0.012094
74 0.0163514 0.00774523 0.00727226 0.016427 0.0120937
75 0.0163511 0.00774469 0.00727194 0.0164236 0.0120933
76 0.0163509 0.00774415 0.00727162 0.0164203 0.012093
77 0.0163507 0.00774362 0.0072713 0.0164169 0.0120927
78 0.0163504 0.00774308 0.00727098 0.0164136 0.0120923
79 0.0163502 0.00774254 0.00727066 0.0164102 0.012092
80 0.01635 0.00774201 0.00727034 0.0164069 0.0120917
81 0.0163497 0.00774147 0.00727002 0.0164035 0.0120914
82 0.0163495 0.00774094 0.0072697 0.0164002 0.012091
83 0.0163492 0.0077404 0.00726938 0.0163968 0.0120907
84 0.016349 0.00773987 0.00726906 0.0163934 0.0120904
85 0.0163488 0.00773933 0.00726874 0.0163901 0.01209
86 0.0163485 0.0077388 0.00726842 0.0163867 0.0120897
87 0.0163483 0.00773826 0.0072681 0.0163834 0.0120894
88 0.016348 0.00773773 0.00726778 0.01638 0.012089
89 0.0163478 0.00773719 0.00726746 0.0163767 0.0120887
90 0.0163476 0.00773666 0.00726714 0.0163733 0.0120884
91 0.0163473 0.00773612 0.00726682 0.0163699 0.0120881
92 0.0163471 0.00773559 0.0072665 0.0163666 0.0120877
93 0.0163469 0.00773506 0.00726618 0.0163632 0.0120874
94 0.0163466 0.00773452 0.00726586 0.0163599 0.0120871
95 0.0163464 0.00773399 0.00726554 0.0163565 0.0120867
96 0.0163462 0.00773346 0.00726522 0.0163531 0.0120864
97 0.0163459 0.00773293 0.0072649 0.0163498 0.0120861
98 0.0163457 0.00773239 0.00726458 0.0163464 0.0120858
99 0.0163454 0.00773186 0.00726426 0.0163431 0.0120854
100 0.0163452 0.00773133 0.00726394 0.0163397 0.0120851
101 0.016345 0.0077308 0.00726362 0.0163363 0.0120848
102 0.0163447 0.00773027 0.0072633 0.016333 0.0120844
103 0.0163445 0.00772974 0.00726298 0.0163296 0.0120841
104 0.0163443 0.0077292 0.00726266 0.0163262 0.0120838
105 0.016344 0.00772867 0.00726234 0.0163229 0.0120835
106 0.0163438 0.00772814 0.00726202 0.0163195 0.0120831
107 0.0163435 0.00772761 0.0072617 0.0163161 0.0120828
108 0.0163433 0.00772708 0.00726138 0.0163128 0.0120825
109 0.0163431 0.00772655 0.00726106 0.0163094 0.0120821
110 0.0163428 0.00772602 0.00726074 0.016306 0.0120818
111 0.0163426 0.00772549 0.00726042 0.0163027 0.0120815
112 0.0163424 0.00772496 0.0072601 0.0162993 0.0120812
113 0.0163421 0.00772443 0.00725978 0.0162959 0.0120808
114 0.0163419 0.00772391 0.00725946 0.0162926 0.0120805
115 0.0163417 0.00772338 0.00725914 0.0162892 0.0120802
116 0.0163414 0.00772285 0.00725882 0.0162858 0.0120798
117 0.0163412 0.00772232 0.0072585 0.0162825 0.0120795
118 0.0163409 0.00772179 0.00725818 0.0162791 0.0120792
119 0.0163407 0.00772126 0.00725786 0.0162757 0.0120789
120 0.0163405 0.00772074 0.00725754 0.0162723 0.0120785
121 0.0163402 0.00772021 0.00725723 0.016269 0.0120782
122 0.01634 0.00771968 0.00725691 0.0162656 0.0120779
123 0.0163398 0.00771916 0.00725659 0.0162622 0.0120775
124 0.0163395 0.00771863 0.00725627 0.0162588 0.0120772
125 0.0163393 0.0077181 0.00725595 0.0162555 0.0120769
126 0.0163391 0.00771758 0.00725563 0.0162521 0.0120766
127 0.0163388 0.00771705 0.00725531 0.0162487 0.0120762
128 0.0163386 0.00771652 0.00725499 0.0162453 0.0120759
129 0.0163384 0.007716 0.00725467 0.016242 0.0120756
130 0.0163381 0.00771547 0.00725435 0.0162386 0.0120752
131 0.0163379 0.00771495 0.00725403 0.0162352 0.0120749
132 0.0163377 0.00771442 0.00725371 0.0162318 0.0120746
133 0.0163374 0.0077139 0.00725339 0.0162285 0.0120742
134 0.0163372 0.00771337 0.00725308 0.0162251 0.0120739
135 0.0163369 0.00771285 0.00725276 0.0162217 0.0120736
136 0.0163367 0.00771232 0.00725244 0.0162183 0.0120733
137 0.0163365 0.0077118 0.00725212 0.0162149 0.0120729
138 0.0163362 0.00771128 0.0072518 0.0162116 0.0120726
139 0.016336 0.00771075 0.00725148 0.0162082 0.0120723
140 0.0163358 0.00771023 0.00725116 0.0162048 0.0120719
141 0.0163355 0.0077097 0.00725084 0.0162014 0.0120716
142 0.0163353 0.00770918 0.00725052 0.016198 0.0120713
143 0.0163351 0.00770866 0.0072502 0.0161947 0.012071
144 0.0163348 0.00770814 0.00724989 0.0161913 0.0120706
145 0.0163346 0.00770761 0.00724957 0.0161879 0.0120703
146 0.0163344 0.00770709 0.00724925 0.0161845 0.01207
147 0.0163341 0.00770657 0.00724893 0.0161811 0.0120696
148 0.0163339 0.00770605 0.00724861 0.0161777 0.0120693
149 0.0163337 0.00770553 0.00724829 0.0161744 0.012069
150 0.0163334 0.007705 0.00724797 0.016171 0.0120687
151 0.0163332 0.00770448 0.00724765 0.0161676 0.0120683
152 0.016333 0.00770396 0.00724734 0.0161642 0.012068
153 0.0163327 0.00770344 0.00724702 0.0161608 0.0120677
154 0.0163325 0.00770292 0.0072467 0.0161574 0.0120673
155 0.0163323 0.0077024 0.00724638 0.016154 0.012067
156 0.016332 0.00770188 0.00724606 0.0161507 0.0120667
157 0.0163318 0.00770136 0.00724574 0.0161473 0.0120664
158 0.0163316 0.00770084 0.00724542 0.0161439 0.012066
159 0.0163313 0.00770032 0.00724511 0.0161405 0.0120657
160 0.0163311 0.0076998 0.00724479 0.0161371 0.0120654
161 0.0163309 0.00769928 0.00724447 0.0161337 0.012065
162 0.0163306 0.00769876 0.00724415 0.0161303 0.0120647
163 0.0163304 0.00769825 0.00724383 0.0161269 0.0120644
164 0.0163302 0.00769773 0.00724351 0.0161235 0.0120641
165 0.0163299 0.00769721 0.0072432 0.0161202 0.0120637
166 0.0163297 0.00769669 0.00724288 0.0161168 0.0120634
167 0.0163295 0.00769617 0.00724256 0.0161134 0.0120631
168 0.0163292 0.00769566 0.00724224 0.01611 0.0120628
169 0.016329 0.00769514 0.00724192 0.0161066 0.0120624
170 0.0163288 0.00769462 0.0072416 0.0161032 0.0120621
171 0.0163285 0.0076941 0.00724129 0.0160998 0.0120618
172 0.0163283 0.00769359 0.00724097 0.0160964 0.0120614
173 0.0163281 0.00769307 0.00724065 0.016093 0.0120611
174 0.0163278 0.00769255 0.00724033 0.0160896 0.0120608
175 0.0163276 0.00769204 0.00724001 0.0160862 0.0120605
176 0.0163274 0.00769152 0.0072397 0.0160828 0.0120601
177 0.0163271 0.00769101 0.00723938 0.0160794 0.0120598
178 0.0163269 0.00769049 0.00723906 0.016076 0.0120595
179 0.0163267 0.00768997 0.00723874 0.0160726 0.0120591
180 0.0163264 0.00768946 0.00723842 0.0160692 0.0120588
181 0.0163262 0.00768894 0.00723811 0.0160658 0.0120585
182 0.016326 0.00768843 0.00723779 0.0160624 0.0120582
183 0.0163257 0.00768791 0.00723747 0.016059 0.0120578
184 0.0163255 0.0076874 0.00723715 0.0160556 0.0120575
185 0.0163253 0.00768689 0.00723683 0.0160522 0.0120572
186 0.0163251 0.00768637 0.00723652 0.0160488 0.0120568
187 0.0163248 0.00768586 0.0072362 0.0160454 0.0120565
188 0.0163246 0.00768534 0.00723588 0.016042 0.0120562
189 0.0163244 0.00768483 0.00723556 0.0160386 0.0120559
190 0.0163241 0.00768432 0.00723524 0.0160352 0.0120555
191 0.0163239 0.00768381 0.00723493 0.0160318 0.0120552
192 0.0163237 0.00768329 0.00723461 0.0160284 0.0120549
193 0.0163234 0.00768278 0.00723429 0.016025 0.0120545
194 0.0163232 0.00768227 0.00723397 0.0160216 0.0120542
195 0.016323 0.00768176 0.00723366 0.0160182 0.0120539
196 0.0163227 0.00768124 0.00723334 0.0160148 0.0120536
197 0.0163225 0.00768073 0.00723302 0.0160114 0.0120532
198 0.0163223 0.00768022 0.0072327 0.016008 0.0120529
199 0.016322 0.00767971 0.00723239 0.0160046 0.0120526
200 0.0163218 0.0076792 0.00723207 0.0160012 0.0120522
201 0.0163216 0.00767869 0.00723175 0.0159978 0.0120519
202 0.0163214 0.00767818 0.00723143 0.0159944 0.0120516
203 0.0163211 0.00767767 0.00723112 0.015991 0.0120513
204 0.0163209 0.00767715 0.0072308 0.0159876 0.0120509
205 0.0163207 0.00767664 0.00723048 0.0159842 0.0120506
206 0.0163204 0.00767613 0.00723016 0.0159808 0.0120503
207 0.0163202 0.00767562 0.00722985 0.0159774 0.01205
208 0.01632 0.00767512 0.00722953 0.015974 0.0120496
209 0.0163197 0.00767461 0.00722921 0.0159706 0.0120493
210 0.0163195 0.0076741 0.00722889 0.0159671 0.012049
211 0.0163193 0.00767359 0.00722858 0.0159637 0.0120486
212 0.016319 0.00767308 0.00722826 0.0159603 0.0120483
213 0.0163188 0.00767257 0.00722794 0.0159569 0.012048
214 0.0163186 0.00767206 0.00722763 0.0159535 0.0120477
215 0.0163184 0.00767155 0.00722731 0.0159501 0.0120473
216 0.0163181 0.00767105 0.00722699 0.0159467 0.012047
217 0.0163179 0.00767054 0.00722667 0.0159433 0.0120467
218 0.0163177 0.00767003 0.00722636 0.0159399 0.0120463
219 0.0163174 0.00766952 0.00722604 0.0159364 0.012046
220 0.0163172 0.00766902 0.00722572 0.015933 0.0120457
221 0.016317 0.00766851 0.00722541 0.0159296 0.0120454
222 0.0163168 0.007668 0.00722509 0.0159262 0.012045
223 0.0163165 0.0076675 0.00722477 0.0159228 0.0120447
224 0.0163163 0.00766699 0.00722445 0.0159194 0.0120444
225 0.0163161 0.00766648 0.00722414 0.015916 0.0120441
226 0.0163158 0.00766598 0.00722382 0.0159126 0.0120437
227 0.0163156 0.00766547 0.0072235 0.0159091 0.0120434
228 0.0163154 0.00766497 0.00722319 0.0159057 0.0120431
229 0.0163151 0.00766446 0.00722287 0.0159023 0.0120427
230 0.0163149 0.00766396 0.00722255 0.0158989 0.0120424
231 0.0163147 0.00766345 0.00722224 0.0158955 0.0120421
232 0.0163145 0.00766295 0.00722192 0.0158921 0.0120418
233 0.0163142 0.00766244 0.0072216 0.0158886 0.0120414
234 0.016314 0.00766194 0.00722129 0.0158852 0.0120411
235 0.0163138 0.00766143 0.00722097 0.0158818 0.0120408
236 0.0163135 0.00766093 0.00722065 0.0158784 0.0120404
237 0.0163133 0.00766043 0.00722034 0.015875 0.0120401
238 0.0163131 0.00765992 0.00722002 0.0158716 0.0120398
239 0.0163129 0.00765942 0.0072197 0.0158681 0.0120395
240 0.0163126 0.00765891 0.00721939 0.0158647 0.0120391
241 0.0163124 0.00765841 0.00721907 0.0158613 0.0120388
242 0.0163122 0.00765791 0.00721875 0.0158579 0.0120385
243 0.0163119 0.00765741 0.00721844 0.0158545 0.0120382
244 0.0163117 0.0076569 0.00721812 0.015851 0.0120378
245 0.0163115 0.0076564 0.0072178 0.0158476 0.0120375
246 0.0163113 0.0076559 0.00721749 0.0158442 0.0120372
247 0.016311 0.0076554 0.00721717 0.0158408 0.0120368
248 0.0163108 0.0076549 0.00721686 0.0158373 0.0120365
249 0.0163106 0.0076544 0.00721654 0.0158339 0.0120362
250 0.0163103 0.00765389 0.00721622 0.0158305 0.0120359
251 0.0163101 0.00765339 0.00721591 0.0158271 0.0120355
252 0.0163099 0.00765289 0.00721559 0.0158237 0.0120352
253 0.0163097 0.00765239 0.00721527 0.0158202 0.0120349
254 0.0163094 0.00765189 0.00721496 0.0158168 0.0120346
255 0.0163092 0.00765139 0.00721464 0.0158134 0.0120342
256 0.016309 0.00765089 0.00721433 0.01581 0.0120339
257 0.0163088 0.00765039 0.00721401 0.0158065 0.0120336
258 0.0163085 0.00764989 0.00721369 0.0158031 0.0120332
259 0.0163083 0.00764939 0.00721338 0.0157997 0.0120329
260 0.0163081 0.00764889 0.00721306 0.0157963 0.0120326
261 0.0163078 0.00764839 0.00721274 0.0157928 0.0120323
262 0.0163076 0.00764789 0.00721243 0.0157894 0.0120319
263 0.0163074 0.0076474 0.00721211 0.015786 0.0120316
264 0.0163072 0.0076469 0.0072118 0.0157825 0.0120313
265 0.0163069 0.0076464 0.00721148 0.0157791 0.012031
266 0.0163067 0.0076459 0.00721117 0.0157757 0.0120306
267 0.0163065 0.0076454 0.00721085 0.0157723 0.0120303
268 0.0163063 0.00764491 0.00721053 0.0157688 0.01203
269 0.016306 0.00764441 0.00721022 0.0157654 0.0120296
270 0.0163058 0.00764391 0.0072099 0.015762 0.0120293
271 0.0163056 0.00764341 0.00720959 0.0157585 0.012029
272 0.0163053 0.00764292 0.00720927 0.0157551 0.0120287
273 0.0163051 0.00764242 0.00720895 0.0157517 0.0120283
274 0.0163049 0.00764192 0.00720864 0.0157483 0.012028
275 0.0163047 0.00764143 0.00720832 0.0157448 0.0120277
276 0.0163044 0.00764093 0.00720801 0.0157414 0.0120274
277 0.0163042 0.00764044 0.00720769 0.015738 0.012027
278 0.016304 0.00763994 0.00720738 0.0157345 0.0120267
279 0.0163038 0.00763944 0.00720706 0.0157311 0.0120264
280 0.0163035 0.00763895 0.00720675 0.0157277 0.012026
281 0.0163033 0.00763845 0.00720643 0.0157242 0.0120257
282 0.0163031 0.00763796 0.00720611 0.0157208 0.0120254
283 0.0163029 0.00763746 0.0072058 0.0157174 0.0120251
284 0.0163026 0.00763697 0.00720548 0.0157139 0.0120247
285 0.0163024 0.00763647 0.00720517 0.0157105 0.0120244
286 0.0163022 0.00763598 0.00720485 0.0157071 0.0120241
287 0.016302 0.00763549 0.00720454 0.0157036 0.0120238
288 0.0163017 0.00763499 0.00720422 0.0157002 0.0120234
289 0.0163015 0.0076345 0.00720391 0.0156968 0.0120231
290 0.0163013 0.00763401 0.00720359 0.0156933 0.0120228
291 0.0163011 0.00763351 0.00720328 0.0156899 0.0120224
292 0.0163008 0.00763302 0.00720296 0.0156864 0.0120221
293 0.0163006 0.00763253 0.00720265 0.015683 0.0120218
294 0.0163004 0.00763203 0.00720233 0.0156796 0.0120215
295 0.0163001 0.00763154 0.00720201 0.0156761 0.0120211
296 0.0162999 0.00763105 0.0072017 0.0156727 0.0120208
297 0.0162997 0.00763056 0.00720138 0.0156693 0.0120205
298 0.0162995 0.00763007 0.00720107 0.0156658 0.0120202
299 0.0162992 0.00762957 0.00720075 0.0156624 0.0120198
300 0.016299 0.00762908 0.00720044 0.0156589 0.0120195
301 0.0162988 0.00762859 0.00720012 0.0156555 0.0120192
302 0.0162986 0.0076281 0.00719981 0.0156521 0.0120189
303 0.0162983 0.00762761 0.00719949 0.0156486 0.0120185
304 0.0162981 0.00762712 0.00719918 0.0156452 0.0120182
305 0.0162979 0.00762663 0.00719886 0.0156417 0.0120179
306 0.0162977 0.00762614 0.00719855 0.0156383 0.0120175
307 0.0162975 0.00762565 0.00719824 0.0156349 0.0120172
308 0.0162972 0.00762516 0.00719792 0.0156314 0.0120169
309 0.016297 0.00762467 0.00719761 0.015628 0.0120166
310 0.0162968 0.00762418 0.00719729 0.0156245 0.0120162
311 0.0162966 0.00762369 0.00719698 0.0156211 0.0120159
312 0.0162963 0.0076232 0.00719666 0.0156177 0.0120156
313 0.0162961 0.00762271 0.00719635 0.0156142 0.0120153
314 0.0162959 0.00762222 0.00719603 0.0156108 0.0120149
315 0.0162957 0.00762173 0.00719572 0.0156073 0.0120146
316 0.0162954 0.00762124 0.0071954 0.0156039 0.0120143
317 0.0162952 0.00762076 0.00719509 0.0156004 0.012014
318 0.016295 0.00762027 0.00719477 0.015597 0.0120136
319 0.0162948 0.00761978 0.00719446 0.0155936 0.0120133
320 0.0162945 0.00761929 0.00719414 0.0155901 0.012013
321 0.0162943 0.0076188 0.00719383 0.0155867 0.0120126
322 0.0162941 0.00761832 0.00719352 0.0155832 0.0120123
323 0.0162939 0.00761783 0.0071932 0.0155798 0.012012
324 0.0162936 0.00761734 0.00719289 0.0155763 0.0120117
325 0.0162934 0.00761686 0.00719257 0.0155729 0.0120113
326 0.0162932 0.00761637 0.00719226 0.0155694 0.012011
327 0.016293 0.00761588 0.00719194 0.015566 0.0120107
328 0.0162927 0.0076154 0.00719163 0.0155626 0.0120104
329 0.0162925 0.00761491 0.00719132 0.0155591 0.01201
330 0.0162923 0.00761443 0.007191 0.0155557 0.0120097
331 0.0162921 0.00761394 0.00719069 0.0155522 0.0120094
332 0.0162919 0.00761345 0.00719037 0.0155488 0.0120091
333 0.0162916 0.00761297 0.00719006 0.0155453 0.0120087
334 0.0162914 0.00761248 0.00718974 0.0155419 0.0120084
335 0.0162912 0.007612 0.00718943 0.0155384 0.0120081
336 0.016291 0.00761151 0.00718912 0.015535 0.0120078
337 0.0162907 0.00761103 0.0071888 0.0155315 0.0120074
338 0.0162905 0.00761055 0.00718849 0.0155281 0.0120071
339 0.0162903 0.00761006 0.00718817 0.0155246 0.0120068
340 0.0162901 0.00760958 0.00718786 0.0155212 0.0120064
341 0.0162898 0.00760909 0.00718755 0.0155177 0.0120061
342 0.0162896 0.00760861 0.00718723 0.0155143 0.0120058
343 0.0162894 0.00760813 0.00718692 0.0155108 0.0120055
344 0.0162892 0.00760764 0.0071866 0.0155074 0.0120051
345 0.016289 0.00760716 0.00718629 0.0155039 0.0120048
346 0.0162887 0.00760668 0.00718598 0.0155005 0.0120045
347 0.0162885 0.0076062 0.00718566 0.015497 0.0120042
348 0.0162883 0.00760571 0.00718535 0.0154936 0.0120038
349 0.0162881 0.00760523 0.00718504 0.0154901 0.0120035
350 0.0162878 0.00760475 0.00718472 0.0154867 0.0120032
351 0.0162876 0.00760427 0.00718441 0.0154832 0.0120029
352 0.0162874 0.00760379 0.00718409 0.0154798 0.0120025
353 0.0162872 0.0076033 0.00718378 0.0154763 0.0120022
354 0.016287 0.00760282 0.00718347 0.0154729 0.0120019
355 0.0162867 0.00760234 0.00718315 0.0154694 0.0120016
356 0.0162865 0.00760186 0.00718284 0.0154659 0.0120012
357 0.0162863 0.00760138 0.00718253 0.0154625 0.0120009
358 0.0162861 0.0076009 0.00718221 0.015459 0.0120006
359 0.0162859 0.00760042 0.0071819 0.0154556 0.0120002
360 0.0162856 0.00759994 0.00718159 0.0154521 0.0119999
361 0.0162854 0.00759946 0.00718127 0.0154487 0.0119996
362 0.0162852 0.00759898 0.00718096 0.0154452 0.0119993
363 0.016285 0.0075985 0.00718065 0.0154418 0.0119989
364 0.0162847 0.00759802 0.00718033 0.0154383 0.0119986
365 0.0162845 0.00759754 0.00718002 0.0154349 0.0119983
366 0.0162843 0.00759706 0.00717971 0.0154314 0.011998
367 0.0162841 0.00759658 0.00717939 0.0154279 0.0119976
368 0.0162839 0.0075961 0.00717908 0.0154245 0.0119973
369 0.0162836 0.00759563 0.00717877 0.015421 0.011997
370 0.0162834 0.00759515 0.00717845 0.0154176 0.0119967
371 0.0162832 0.00759467 0.00717814 0.0154141 0.0119963
372 0.016283 0.00759419 0.00717783 0.0154107 0.011996
373 0.0162828 0.00759371 0.00717751 0.0154072 0.0119957
374 0.0162825 0.00759324 0.0071772 0.0154037 0.0119954
375 0.0162823 0.00759276 0.00717689 0.0154003 0.011995
376 0.0162821 0.00759228 0.00717658 0.0153968 0.0119947
377 0.0162819 0.0075918 0.00717626 0.0153934 0.0119944
378 0.0162817 0.00759133 0.00717595 0.0153899 0.0119941
379 0.0162814 0.00759085 0.00717564 0.0153865 0.0119937
380 0.0162812 0.00759037 0.00717532 0.015383 0.0119934
381 0.016281 0.0075899 0.00717501 0.0153795 0.0119931
382 0.0162808 0.00758942 0.0071747 0.0153761 0.0119928
383 0.0162806 0.00758895 0.00717439 0.0153726 0.0119924
384 0.0162803 0.00758847 0.00717407 0.0153692 0.0119921
385 0.0162801 0.00758799 0.00717376 0.0153657 0.0119918
386 0.0162799 0.00758752 0.00717345 0.0153622 0.0119915
387 0.0162797 0.00758704 0.00717313 0.0153588 0.0119911
388 0.0162795 0.00758657 0.00717282 0.0153553 0.0119908
389 0.0162792 0.00758609 0.00717251 0.0153519 0.0119905
390 0.016279 0.00758562 0.0071722 0.0153484 0.0119901
391 0.0162788 0.00758515 0.00717188 0.0153449 0.0119898
392 0.0162786 0.00758467 0.00717157 0.0153415 0.0119895
393 0.0162784 0.0075842 0.00717126 0.015338 0.0119892
394 0.0162781 0.00758372 0.00717095 0.0153345 0.0119888
395 0.0162779 0.00758325 0.00717063 0.0153311 0.0119885
396 0.0162777 0.00758278 0.00717032 0.0153276 0.0119882
397 0.0162775 0.0075823 0.00717001 0.0153242 0.0119879
398 0.0162773 0.00758183 0.0071697 0.0153207 0.0119875
399 0.016277 0.00758136 0.00716938 0.0153172 0.0119872
400 0.0162768 0.00758088 0.00716907 0.0153138 0.0119869
401 0.0162766 0.00758041 0.00716876 0.0153103 0.0119866
402 0.0162764 0.00757994 0.00716845 0.0153068 0.0119862
403 0.0162762 0.00757947 0.00716813 0.0153034 0.0119859
404 0.0162759 0.00757899 0.00716782 0.0152999 0.0119856
405 0.0162757 0.00757852 0.00716751 0.0152964 0.0119853
406 0.0162755 0.00757805 0.0071672 0.015293 0.0119849
407 0.0162753 0.00757758 0.00716689 0.0152895 0.0119846
408 0.0162751 0.00757711 0.00716657 0.0152861 0.0119843
409 0.0162748 0.00757664 0.00716626 0.0152826 0.011984
410 0.0162746 0.00757617 0.00716595 0.0152791 0.0119836
411 0.0162744 0.00757569 0.00716564 0.0152757 0.0119833
412 0.0162742 0.00757522 0.00716533 0.0152722 0.011983
413 0.016274 0.00757475 0.00716501 0.0152687 0.0119827
414 0.0162738 0.00757428 0.0071647 0.0152653 0.0119823
415 0.0162735 0.00757381 0.00716439 0.0152618 0.011982
416 0.0162733 0.00757334 0.00716408 0.0152583 0.0119817
417 0.0162731 0.00757287 0.00716377 0.0152549 0.0119814
418 0.0162729 0.0075724 0.00716345 0.0152514 0.011981
419 0.0162727 0.00757193 0.00716314 0.0152479 0.0119807
420 0.0162724 0.00757147 0.00716283 0.0152445 0.0119804
421 0.0162722 0.007571 0.00716252 0.015241 0.0119801
422 0.016272 0.00757053 0.00716221 0.0152375 0.0119797
423 0.0162718 0.00757006 0.0071619 0.0152341 0.0119794
424 0.0162716 0.00756959 0.00716158 0.0152306 0.0119791
425 0.0162714 0.00756912 0.00716127 0.0152271 0.0119788
426 0.0162711 0.00756865 0.00716096 0.0152237 0.0119784
427 0.0162709 0.00756819 0.00716065 0.0152202 0.0119781
428 0.0162707 0.00756772 0.00716034 0.0152167 0.0119778
429 0.0162705 0.00756725 0.00716003 0.0152132 0.0119775
430 0.0162703 0.00756678 0.00715972 0.0152098 0.0119771
431 0.0162701 0.00756632 0.0071594 0.0152063 0.0119768
432 0.0162698 0.00756585 0.00715909 0.0152028 0.0119765
433 0.0162696 0.00756538 0.00715878 0.0151994 0.0119762
434 0.0162694 0.00756492 0.00715847 0.0151959 0.0119758
435 0.0162692 0.00756445 0.00715816 0.0151924 0.0119755
436 0.016269 0.00756398 0.00715785 0.015189 0.0119752
437 0.0162688 0.00756352 0.00715754 0.0151855 0.0119749
438 0.0162685 0.00756305 0.00715722 0.015182 0.0119745
439 0.0162683 0.00756258 0.00715691 0.0151786 0.0119742
440 0.0162681 0.00756212 0.0071566 0.0151751 0.0119739
441 0.0162679 0.00756165 0.00715629 0.0151716 0.0119736
442 0.0162677 0.00756119 0.00715598 0.0151681 0.0119732
443 0.0162674 0.00756072 0.00715567 0.0151647 0.0119729
444 0.0162672 0.00756026 0.00715536 0.0151612 0.0119726
445 0.016267 0.00755979 0.00715505 0.0151577 0.0119723
446 0.0162668 0.00755933 0.00715474 0.0151543 0.0119719
447 0.0162666 0.00755887 0.00715442 0.0151508 0.0119716
448 0.0162664 0.0075584 0.00715411 0.0151473 0.0119713
449 0.0162662 0.00755794 0.0071538 0.0151438 0.011971
450 0.0162659 0.00755747 0.00715349 0.0151404 0.0119706
451 0.0162657 0.00755701 0.00715318 0.0151369 0.0119703
452 0.0162655 0.00755655 0.00715287 0.0151334 0.01197
453 0.0162653 0.00755608 0.00715256 0.01513 0.0119697
454 0.0162651 0.00755562 0.00715225 0.0151265 0.0119693
455 0.0162649 0.00755516 0.00715194 0.015123 0.011969
456 0.0162646 0.00755469 0.00715163 0.0151195 0.0119687
457 0.0162644 0.00755423 0.00715132 0.0151161 0.0119684
458 0.0162642 0.00755377 0.00715101 0.0151126 0.011968
459 0.016264 0.00755331 0.0071507 0.0151091 0.0119677
460 0.0162638 0.00755284 0.00715038 0.0151056 0.0119674
461 0.0162636 0.00755238 0.00715007 0.0151022 0.0119671
462 0.0162633 0.00755192 0.00714976 0.0150987 0.0119668
463 0.0162631 0.00755146 0.00714945 0.0150952 0.0119664
464 0.0162629 0.007551 0.00714914 0.0150917 0.0119661
465 0.0162627 0.00755054 0.00714883 0.0150883 0.0119658
466 0.0162625 0.00755008 0.00714852 0.0150848 0.0119655
467 0.0162623 0.00754962 0.00714821 0.0150813 0.0119651
468 0.0162621 0.00754915 0.0071479 0.0150779 0.0119648
469 0.0162618 0.00754869 0.00714759 0.0150744 0.0119645
470 0.0162616 0.00754823 0.00714728 0.0150709 0.0119642
471 0.0162614 0.00754777 0.00714697 0.0150674 0.0119638
472 0.0162612 0.00754731 0.00714666 0.015064 0.0119635
473 0.016261 0.00754685 0.00714635 0.0150605 0.0119632
474 0.0162608 0.00754639 0.00714604 0.015057 0.0119629
475 0.0162605 0.00754594 0.00714573 0.0150535 0.0119625
476 0.0162603 0.00754548 0.00714542 0.01505 0.0119622
477 0.0162601 0.00754502 0.00714511 0.0150466 0.0119619
478 0.0162599 0.00754456 0.0071448 0.0150431 0.0119616
479 0.0162597 0.0075441 0.00714449 0.0150396 0.0119612
480 0.0162595 0.00754364 0.00714418 0.0150361 0.0119609
481 0.0162593 0.00754318 0.00714387 0.0150327 0.0119606
482 0.016259 0.00754272 0.00714356 0.0150292 0.0119603
483 0.0162588 0.00754227 0.00714325 0.0150257 0.0119599
484 0.0162586 0.00754181 0.00714294 0.0150222 0.0119596
485 0.0162584 0.00754135 0.00714263 0.0150188 0.0119593
486 0.0162582 0.00754089 0.00714232 0.0150153 0.011959
487 0.016258 0.00754044 0.00714201 0.0150118 0.0119586
488 0.0162578 0.00753998 0.0071417 0.0150083 0.0119583
489 0.0162575 0.00753952 0.00714139 0.0150049 0.011958
490 0.0162573 0.00753906 0.00714108 0.0150014 0.0119577
491 0.0162571 0.00753861 0.00714077 0.0149979 0.0119573
492 0.0162569 0.00753815 0.00714046 0.0149944 0.011957
493 0.0162567 0.0075377 0.00714015 0.0149909 0.0119567
494 0.0162565 0.00753724 0.00713984 0.0149875 0.0119564
495 0.0162563 0.00753678 0.00713953 0.014984 0.0119561
496 0.016256 0.00753633 0.00713922 0.0149805 0.0119557
497 0.0162558 0.00753587 0.00713891 0.014977 0.0119554
498 0.0162556 0.00753542 0.0071386 0.0149736 0.0119551
499 0.0162554 0.00753496 0.00713829 0.0149701 0.0119548
500 0.0162552 0.00753451 0.00713799 0.0149666 0.0119544
501 0.016255 0.00753405 0.00713768 0.0149631 0.0119541
502 0.0162548 0.0075336 0.00713737 0.0149596 0.0119538
503 0.0162546 0.00753314 0.00713706 0.0149562 0.0119535
504 0.0162543 0.00753269 0.00713675 0.0149527 0.0119531
505 0.0162541 0.00753223 0.00713644 0.0149492 0.0119528
506 0.0162539 0.00753178 0.00713613 0.0149457 0.0119525
507 0.0162537 0.00753133 0.00713582 0.0149422 0.0119522
508 0.0162535 0.00753087 0.00713551 0.0149388 0.0119518
509 0.0162533 0.00753042 0.0071352 0.0149353 0.0119515
510 0.0162531 0.00752997 0.00713489 0.0149318 0.0119512
511 0.0162528 0.00752951 0.00713458 0.0149283 0.0119509
512 0.0162526 0.00752906 0.00713427 0.0149249 0.0119506
513 0.0162524 0.00752861 0.00713397 0.0149214 0.0119502
514 0.0162522 0.00752815 0.00713366 0.0149179 0.0119499
515 0.016252 0.0075277 0.00713335 0.0149144 0.0119496
516 0.0162518 0.00752725 0.00713304 0.0149109 0.0119493
517 0.0162516 0.0075268 0.00713273 0.0149075 0.0119489
518 0.0162514 0.00752635 0.00713242 0.014904 0.0119486
519 0.0162511 0.00752589 0.00713211 0.0149005 0.0119483
520 0.0162509 0.00752544 0.0071318 0.014897 0.011948
521 0.0162507 0.00752499 0.00713149 0.0148935 0.0119476
522 0.0162505 0.00752454 0.00713119 0.0148901 0.0119473
523 0.0162503 0.00752409 0.00713088 0.0148866 0.011947
524 0.0162501 0.00752364 0.00713057 0.0148831 0.0119467
525 0.0162499 0.00752319 0.00713026 0.0148796 0.0119463
526 0.0162497 0.00752274 0.00712995 0.0148761 0.011946
527 0.0162495 0.00752229 0.00712964 0.0148726 0.0119457
528 0.0162492 0.00752184 0.00712933 0.0148692 0.0119454
529 0.016249 0.00752139 0.00712903 0.0148657 0.0119451
530 0.0162488 0.00752094 0.00712872 0.0148622 0.0119447
531 0.0162486 0.00752049 0.00712841 0.0148587 0.0119444
532 0.0162484 0.00752004 0.0071281 0.0148552 0.0119441
533 0.0162482 0.00751959 0.00712779 0.0148518 0.0119438
534 0.016248 0.00751914 0.00712748 0.0148483 0.0119434
535 0.0162478 0.00751869 0.00712718 0.0148448 0.0119431
536 0.0162475 0.00751824 0.00712687 0.0148413 0.0119428
537 0.0162473 0.00751779 0.00712656 0.0148378 0.0119425
538 0.0162471 0.00751734 0.00712625 0.0148344 0.0119421
539 0.0162469 0.00751689 0.00712594 0.0148309 0.0119418
540 0.0162467 0.00751645 0.00712563 0.0148274 0.0119415
541 0.0162465 0.007516 0.00712533 0.0148239 0.0119412
542 0.0162463 0.00751555 0.00712502 0.0148204 0.0119409
543 0.0162461 0.0075151 0.00712471 0.0148169 0.0119405
544 0.0162459 0.00751465 0.0071244 0.0148135 0.0119402
545 0.0162456 0.00751421 0.00712409 0.01481 0.0119399
546 0.0162454 0.00751376 0.00712379 0.0148065 0.0119396
547 0.0162452 0.00751331 0.00712348 0.014803 0.0119392
548 0.016245 0.00751287 0.00712317 0.0147995 0.0119389
549 0.0162448 0.00751242 0.00712286 0.0147961 0.0119386
550 0.0162446 0.00751197 0.00712255 0.0147926 0.0119383
551 0.0162444 0.00751153 0.00712225 0.0147891 0.0119379
552 0.0162442 0.00751108 0.00712194 0.0147856 0.0119376
553 0.016244 0.00751063 0.00712163 0.0147821 0.0119373
554 0.0162438 0.00751019 0.00712132 0.0147786 0.011937
555 0.0162435 0.00750974 0.00712102 0.0147752 0.0119367
556 0.0162433 0.0075093 0.00712071 0.0147717 0.0119363
557 0.0162431 0.00750885 0.0071204 0.0147682 0.011936
558 0.0162429 0.00750841 0.00712009 0.0147647 0.0119357
559 0.0162427 0.00750796 0.00711978 0.0147612 0.0119354
560 0.0162425 0.00750752 0.00711948 0.0147577 0.011935
561 0.0162423 0.00750707 0.00711917 0.0147543 0.0119347
562 0.0162421 0.00750663 0.00711886 0.0147508 0.0119344
563 0.0162419 0.00750618 0.00711855 0.0147473 0.0119341
564 0.0162417 0.00750574 0.00711825 0.0147438 0.0119338
565 0.0162414 0.0075053 0.00711794 0.0147403 0.0119334
566 0.0162412 0.00750485 0.00711763 0.0147369 0.0119331
567 0.016241 0.00750441 0.00711732 0.0147334 0.0119328
568 0.0162408 0.00750396 0.00711702 0.0147299 0.0119325
569 0.0162406 0.00750352 0.00711671 0.0147264 0.0119321
570 0.0162404 0.00750308 0.0071164 0.0147229 0.0119318
571 0.0162402 0.00750264 0.0071161 0.0147194 0.0119315
572 0.01624 0.00750219 0.00711579 0.014716 0.0119312
573 0.0162398 0.00750175 0.00711548 0.0147125 0.0119308
574 0.0162396 0.00750131 0.00711517 0.014709 0.0119305
575 0.0162393 0.00750087 0.00711487 0.0147055 0.0119302
576 0.0162391 0.00750042 0.00711456 0.014702 0.0119299
577 0.0162389 0.00749998 0.00711425 0.0146985 0.0119296
578 0.0162387 0.00749954 0.00711395 0.0146951 0.0119292
579 0.0162385 0.0074991 0.00711364 0.0146916 0.0119289
580 0.0162383 0.00749866 0.00711333 0.0146881 0.0119286
581 0.0162381 0.00749821 0.00711303 0.0146846 0.0119283
582 0.0162379 0.00749777 0.00711272 0.0146811 0.0119279
583 0.0162377 0.00749733 0.00711241 0.0146776 0.0119276
584 0.0162375 0.00749689 0.0071121 0.0146742 0.0119273
585 0.0162373 0.00749645 0.0071118 0.0146707 0.011927
586 0.016237 0.00749601 0.00711149 0.0146672 0.0119267
587 0.0162368 0.00749557 0.00711118 0.0146637 0.0119263
588 0.0162366 0.00749513 0.00711088 0.0146602 0.011926
589 0.0162364 0.00749469 0.00711057 0.0146567 0.0119257
590 0.0162362 0.00749425 0.00711026 0.0146533 0.0119254
591 0.016236 0.00749381 0.00710996 0.0146498 0.011925
592 0.0162358 0.00749337 0.00710965 0.0146463 0.0119247
593 0.0162356 0.00749293 0.00710935 0.0146428 0.0119244
594 0.0162354 0.00749249 0.00710904 0.0146393 0.0119241
595 0.0162352 0.00749205 0.00710873 0.0146358 0.0119238
596 0.016235 0.00749162 0.00710843 0.0146324 0.0119234
597 0.0162348 0.00749118 0.00710812 0.0146289 0.0119231
598 0.0162346 0.00749074 0.00710781 0.0146254 0.0119228
599 0.0162343 0.0074903 0.00710751 0.0146219 0.0119225
600 0.0162341 0.00748986 0.0071072 0.0146184 0.0119221
601 0.0162339 0.00748942 0.00710689 0.0146149 0.0119218
602 0.0162337 0.00748899 0.00710659 0.0146115 0.0119215
603 0.0162335 0.00748855 0.00710628 0.014608 0.0119212
604 0.0162333 0.00748811 0.00710598 0.0146045 0.0119209
605 0.0162331 0.00748767 0.00710567 0.014601 0.0119205
606 0.0162329 0.00748724 0.00710536 0.0145975 0.0119202
607 0.0162327 0.0074868 0.00710506 0.014594 0.0119199
608 0.0162325 0.00748636 0.00710475 0.0145905 0.0119196
609 0.0162323 0.00748593 0.00710445 0.0145871 0.0119193
610 0.0162321 0.00748549 0.00710414 0.0145836 0.0119189
611 0.0162319 0.00748505 0.00710383 0.0145801 0.0119186
612 0.0162316 0.00748462 0.00710353 0.0145766 0.0119183
613 0.0162314 0.00748418 0.00710322 0.0145731 0.011918
614 0.0162312 0.00748374 0.00710292 0.0145696 0.0119176
615 0.016231 0.00748331 0.00710261 0.0145662 0.0119173
616 0.0162308 0.00748287 0.0071023 0.0145627 0.011917
617 0.0162306 0.00748244 0.007102 0.0145592 0.0119167
618 0.0162304 0.007482 0.00710169 0.0145557 0.0119164
619 0.0162302 0.00748157 0.00710139 0.0145522 0.011916
620 0.01623 0.00748113 0.00710108 0.0145487 0.0119157
621 0.0162298 0.0074807 0.00710078 0.0145453 0.0119154
622 0.0162296 0.00748026 0.00710047 0.0145418 0.0119151
623 0.0162294 0.00747983 0.00710016 0.0145383 0.0119147
624 0.0162292 0.0074794 0.00709986 0.0145348 0.0119144
625 0.016229 0.00747896 0.00709955 0.0145313 0.0119141
626 0.0162288 0.00747853 0.00709925 0.0145278 0.0119138
627 0.0162285 0.00747809 0.00709894 0.0145244 0.0119135
628 0.0162283 0.00747766 0.00709864 0.0145209 0.0119131
629 0.0162281 0.00747723 0.00709833 0.0145174 0.0119128
630 0.0162279 0.00747679 0.00709803 0.0145139 0.0119125
631 0.0162277 0.00747636 0.00709772 0.0145104 0.0119122
632 0.0162275 0.00747593 0.00709742 0.0145069 0.0119119
633 0.0162273 0.00747549 0.00709711 0.0145035 0.0119115
634 0.0162271 0.00747506 0.00709681 0.0145 0.0119112
635 0.0162269 0.00747463 0.0070965 0.0144965 0.0119109
636 0.0162267 0.0074742 0.0070962 0.014493 0.0119106
637 0.0162265 0.00747376 0.00709589 0.0144895 0.0119103
638 0.0162263 0.00747333 0.00709559 0.0144861 0.0119099
639 0.0162261 0.0074729 0.00709528 0.0144826 0.0119096
640 0.0162259 0.00747247 0.00709498 0.0144791 0.0119093
641 0.0162257 0.00747204 0.00709467 0.0144756 0.011909
642 0.0162255 0.00747161 0.00709437 0.0144721 0.0119086
643 0.0162253 0.00747118 0.00709406 0.0144686 0.0119083
644 0.016225 0.00747074 0.00709376 0.0144652 0.011908
645 0.0162248 0.00747031 0.00709345 0.0144617 0.0119077
646 0.0162246 0.00746988 0.00709315 0.0144582 0.0119074
647 0.0162244 0.00746945 0.00709284 0.0144547 0.011907
648 0.0162242 0.00746902 0.00709254 0.0144512 0.0119067
649 0.016224 0.00746859 0.00709223 0.0144477 0.0119064
650 0.0162238 0.00746816 0.00709193 0.0144443 0.0119061
651 0.0162236 0.00746773 0.00709162 0.0144408 0.0119058
652 0.0162234 0.0074673 0.00709132 0.0144373 0.0119054
653 0.0162232 0.00746687 0.00709101 0.0144338 0.0119051
654 0.016223 0.00746644 0.00709071 0.0144303 0.0119048
655 0.0162228 0.00746601 0.0070904 0.0144268 0.0119045
656 0.0162226 0.00746559 0.0070901 0.0144234 0.0119042
657 0.0162224 0.00746516 0.0070898 0.0144199 0.0119038
658 0.0162222 0.00746473 0.00708949 0.0144164 0.0119035
659 0.016222 0.0074643 0.00708919 0.0144129 0.0119032
660 0.0162218 0.00746387 0.00708888 0.0144094 0.0119029
661 0.0162216 0.00746344 0.00708858 0.014406 0.0119025
662 0.0162214 0.00746301 0.00708827 0.0144025 0.0119022
663 0.0162212 0.00746259 0.00708797 0.014399 0.0119019
664 0.016221 0.00746216 0.00708767 0.0143955 0.0119016
665 0.0162207 0.00746173 0.00708736 0.014392 0.0119013
666 0.0162205 0.0074613 0.00708706 0.0143886 0.0119009
667 0.0162203 0.00746088 0.00708675 0.0143851 0.0119006
668 0.0162201 0.00746045 0.00708645 0.0143816 0.0119003
669 0.0162199 0.00746002 0.00708614 0.0143781 0.0119
670 0.0162197 0.0074596 0.00708584 0.0143746 0.0118997
671 0.0162195 0.00745917 0.00708554 0.0143711 0.0118993
672 0.0162193 0.00745874 0.00708523 0.0143677 0.011899
673 0.0162191 0.00745832 0.00708493 0.0143642 0.0118987
674 0.0162189 0.00745789 0.00708462 0.0143607 0.0118984
675 0.0162187 0.00745746 0.00708432 0.0143572 0.0118981
676 0.0162185 0.00745704 0.00708402 0.0143537 0.0118977
677 0.0162183 0.00745661 0.00708371 0.0143503 0.0118974
678 0.0162181 0.00745619 0.00708341 0.0143468 0.0118971
679 0.0162179 0.00745576 0.00708311 0.0143433 0.0118968
680 0.0162177 0.00745534 0.0070828 0.0143398 0.0118965
681 0.0162175 0.00745491 0.0070825 0.0143363 0.0118961
682 0.0162173 0.00745449 0.0070822 0.0143329 0.0118958
683 0.0162171 0.00745406 0.00708189 0.0143294 0.0118955
684 0.0162169 0.00745364 0.00708159 0.0143259 0.0118952
685 0.0162167 0.00745321 0.00708128 0.0143224 0.0118949
686 0.0162165 0.00745279 0.00708098 0.0143189 0.0118945
687 0.0162163 0.00745236 0.00708068 0.0143155 0.0118942
688 0.0162161 0.00745194 0.00708037 0.014312 0.0118939
689 0.0162159 0.00745152 0.00708007 0.0143085 0.0118936
690 0.0162157 0.00745109 0.00707977 0.014305 0.0118933
691 0.0162155 0.00745067 0.00707946 0.0143015 0.0118929
692 0.0162153 0.00745024 0.00707916 0.0142981 0.0118926
693 0.0162151 0.00744982 0.00707886 0.0142946 0.0118923
694 0.0162149 0.0074494 0.00707855 0.0142911 0.011892
695 0.0162146 0.00744898 0.00707825 0.0142876 0.0118917
696 0.0162144 0.00744855 0.00707795 0.0142841 0.0118913
697 0.0162142 0.00744813 0.00707765 0.0142807 0.011891
698 0.016214 0.00744771 0.00707734 0.0142772 0.0118907
699 0.0162138 0.00744729 0.00707704 0.0142737 0.0118904
700 0.0162136 0.00744686 0.00707674 0.0142702 0.0118901
701 0.0162134 0.00744644 0.00707643 0.0142667 0.0118897
702 0.0162132 0.00744602 0.00707613 0.0142633 0.0118894
703 0.016213 0.0074456 0.00707583 0.0142598 0.0118891
704 0.0162128 0.00744518 0.00707552 0.0142563 0.0118888
705 0.0162126 0.00744476 0.00707522 0.0142528 0.0118885
706 0.0162124 0.00744433 0.00707492 0.0142494 0.0118881
707 0.0162122 0.00744391 0.00707462 0.0142459 0.0118878
708 0.016212 0.00744349 0.00707431 0.0142424 0.0118875
709 0.0162118 0.00744307 0.00707401 0.0142389 0.0118872
710 0.0162116 0.00744265 0.00707371 0.0142354 0.0118869
711 0.0162114 0.00744223 0.00707341 0.014232 0.0118865
712 0.0162112 0.00744181 0.0070731 0.0142285 0.0118862
713 0.016211 0.00744139 0.0070728 0.014225 0.0118859
714 0.0162108 0.00744097 0.0070725 0.0142215 0.0118856
715 0.0162106 0.00744055 0.0070722 0.0142181 0.0118853
716 0.0162104 0.00744013 0.00707189 0.0142146 0.0118849
717 0.0162102 0.00743971 0.00707159 0.0142111 0.0118846
718 0.01621 0.00743929 0.00707129 0.0142076 0.0118843
719 0.0162098 0.00743887 0.00707099 0.0142042 0.011884
720 0.0162096 0.00743845 0.00707068 0.0142007 0.0118837
721 0.0162094 0.00743804 0.00707038 0.0141972 0.0118833
722 0.0162092 0.00743762 0.00707008 0.0141937 0.011883
723 0.016209 0.0074372 0.00706978 0.0141902 0.0118827
724 0.0162088 0.00743678 0.00706947 0.0141868 0.0118824
725 0.0162086 0.00743636 0.00706917 0.0141833 0.0118821
726 0.0162084 0.00743594 0.00706887 0.0141798 0.0118817
727 0.0162082 0.00743553 0.00706857 0.0141763 0.0118814
728 0.016208 0.00743511 0.00706827 0.0141729 0.0118811
729 0.0162078 0.00743469 0.00706796 0.0141694 0.0118808
730 0.0162076 0.00743427 0.00706766 0.0141659 0.0118805
731 0.0162074 0.00743386 0.00706736 0.0141624 0.0118802
732 0.0162072 0.00743344 0.00706706 0.014159 0.0118798
733 0.016207 0.00743302 0.00706676 0.0141555 0.0118795
734 0.0162068 0.00743261 0.00706645 0.014152 0.0118792
735 0.0162066 0.00743219 0.00706615 0.0141485 0.0118789
736 0.0162064 0.00743177 0.00706585 0.0141451 0.0118786
737 0.0162062 0.00743136 0.00706555 0.0141416 0.0118782
738 0.016206 0.00743094 0.00706525 0.0141381 0.0118779
739 0.0162058 0.00743052 0.00706495 0.0141347 0.0118776
740 0.0162056 0.00743011 0.00706464 0.0141312 0.0118773
741 0.0162054 0.00742969 0.00706434 0.0141277 0.011877
742 0.0162052 0.00742928 0.00706404 0.0141242 0.0118766
743 0.016205 0.00742886 0.00706374 0.0141208 0.0118763
744 0.0162048 0.00742845 0.00706344 0.0141173 0.011876
745 0.0162046 0.00742803 0.00706314 0.0141138 0.0118757
746 0.0162044 0.00742762 0.00706284 0.0141103 0.0118754
747 0.0162042 0.0074272 0.00706253 0.0141069 0.011875
748 0.016204 0.00742679 0.00706223 0.0141034 0.0118747
749 0.0162038 0.00742637 0.00706193 0.0140999 0.0118744
750 0.0162036 0.00742596 0.00706163 0.0140964 0.0118741
751 0.0162034 0.00742554 0.00706133 0.014093 0.0118738
752 0.0162032 0.00742513 0.00706103 0.0140895 0.0118735
753 0.016203 0.00742472 0.00706073 0.014086 0.0118731
754 0.0162028 0.0074243 0.00706043 0.0140826 0.0118728
755 0.0162026 0.00742389 0.00706012 0.0140791 0.0118725
756 0.0162024 0.00742347 0.00705982 0.0140756 0.0118722
757 0.0162022 0.00742306 0.00705952 0.0140721 0.0118719
758 0.016202 0.00742265 0.00705922 0.0140687 0.0118715
759 0.0162018 0.00742224 0.00705892 0.0140652 0.0118712
760 0.0162016 0.00742182 0.00705862 0.0140617 0.0118709
761 0.0162014 0.00742141 0.00705832 0.0140583 0.0118706
762 0.0162012 0.007421 0.00705802 0.0140548 0.0118703
763 0.016201 0.00742058 0.00705772 0.0140513 0.01187
764 0.0162008 0.00742017 0.00705742 0.0140479 0.0118696
765 0.0162006 0.00741976 0.00705712 0.0140444 0.0118693
766 0.0162004 0.00741935 0.00705681 0.0140409 0.011869
767 0.0162002 0.00741894 0.00705651 0.0140374 0.0118687
768 0.0162 0.00741853 0.00705621 0.014034 0.0118684
769 0.0161998 0.00741811 0.00705591 0.0140305 0.011868
770 0.0161996 0.0074177 0.00705561 0.014027 0.0118677
771 0.0161994 0.00741729 0.00705531 0.0140236 0.0118674
772 0.0161992 0.00741688 0.00705501 0.0140201 0.0118671
773 0.016199 0.00741647 0.00705471 0.0140166 0.0118668
774 0.0161988 0.00741606 0.00705441 0.0140132 0.0118664
775 0.0161986 0.00741565 0.00705411 0.0140097 0.0118661
776 0.0161984 0.00741524 0.00705381 0.0140062 0.0118658
777 0.0161982 0.00741483 0.00705351 0.0140028 0.0118655
778 0.016198 0.00741442 0.00705321 0.0139993 0.0118652
779 0.0161978 0.00741401 0.00705291 0.0139958 0.0118649
780 0.0161976 0.0074136 0.00705261 0.0139924 0.0118645
781 0.0161974 0.00741319 0.00705231 0.0139889 0.0118642
782 0.0161972 0.00741278 0.00705201 0.0139854 0.0118639
783 0.016197 0.00741237 0.00705171 0.013982 0.0118636
784 0.0161968 0.00741196 0.00705141 0.0139785 0.0118633
785 0.0161966 0.00741155 0.00705111 0.013975 0.011863
786 0.0161965 0.00741114 0.00705081 0.0139716 0.0118626
787 0.0161963 0.00741073 0.00705051 0.0139681 0.0118623
788 0.0161961 0.00741032 0.00705021 0.0139646 0.011862
789 0.0161959 0.00740992 0.00704991 0.0139612 0.0118617
790 0.0161957 0.00740951 0.00704961 0.0139577 0.0118614
791 0.0161955 0.0074091 0.00704931 0.0139542 0.011861
792 0.0161953 0.00740869 0.00704901 0.0139508 0.0118607
793 0.0161951 0.00740828 0.00704871 0.0139473 0.0118604
794 0.0161949 0.00740788 0.00704841 0.0139438 0.0118601
795 0.0161947 0.00740747 0.00704811 0.0139404 0.0118598
796 0.0161945 0.00740706 0.00704781 0.0139369 0.0118595
797 0.0161943 0.00740665 0.00704751 0.0139334 0.0118591
798 0.0161941 0.00740625 0.00704721 0.01393 0.0118588
799 0.0161939 0.00740584 0.00704691 0.0139265 0.0118585
800 0.0161937 0.00740543 0.00704661 0.013923 0.0118582
801 0.0161935 0.00740503 0.00704631 0.0139196 0.0118579
802 0.0161933 0.00740462 0.00704601 0.0139161 0.0118575
803 0.0161931 0.00740421 0.00704571 0.0139127 0.0118572
804 0.0161929 0.00740381 0.00704541 0.0139092 0.0118569
805 0.0161927 0.0074034 0.00704511 0.0139057 0.0118566
806 0.0161925 0.007403 0.00704482 0.0139023 0.0118563
807 0.0161923 0.00740259 0.00704452 0.0138988 0.011856
808 0.0161921 0.00740218 0.00704422 0.0138953 0.0118556
809 0.0161919 0.00740178 0.00704392 0.0138919 0.0118553
810 0.0161917 0.00740137 0.00704362 0.0138884 0.011855
811 0.0161915 0.00740097 0.00704332 0.013885 0.0118547
812 0.0161913 0.00740056 0.00704302 0.0138815 0.0118544
813 0.0161911 0.00740016 0.00704272 0.013878 0.0118541
814 0.0161909 0.00739975 0.00704242 0.0138746 0.0118537
815 0.0161907 0.00739935 0.00704212 0.0138711 0.0118534
816 0.0161905 0.00739894 0.00704182 0.0138677 0.0118531
817 0.0161904 0.00739854 0.00704153 0.0138642 0.0118528
818 0.0161902 0.00739814 0.00704123 0.0138607 0.0118525
819 0.01619 0.00739773 0.00704093 0.0138573 0.0118522
820 0.0161898 0.00739733 0.00704063 0.0138538 0.0118518
821 0.0161896 0.00739692 0.00704033 0.0138504 0.0118515
822 0.0161894 0.00739652 0.00704003 0.0138469 0.0118512
823 0.0161892 0.00739612 0.00703973 0.0138434 0.0118509
824 0.016189 0.00739571 0.00703943 0.01384 0.0118506
825 0.0161888 0.00739531 0.00703914 0.0138365 0.0118503
826 0.0161886 0.00739491 0.00703884 0.0138331 0.0118499
827 0.0161884 0.00739451 0.00703854 0.0138296 0.0118496
828 0.0161882 0.0073941 0.00703824 0.0138262 0.0118493
829 0.016188 0.0073937 0.00703794 0.0138227 0.011849
830 0.0161878 0.0073933 0.00703764 0.0138192 0.0118487
831 0.0161876 0.0073929 0.00703734 0.0138158 0.0118484
832 0.0161874 0.00739249 0.00703705 0.0138123 0.011848
833 0.0161872 0.00739209 0.00703675 0.0138089 0.0118477
834 0.016187 0.00739169 0.00703645 0.0138054 0.0118474
835 0.0161868 0.00739129 0.00703615 0.013802 0.0118471
836 0.0161866 0.00739089 0.00703585 0.0137985 0.0118468
837 0.0161864 0.00739049 0.00703556 0.013795 0.0118465
838 0.0161863 0.00739008 0.00703526 0.0137916 0.0118461
839 0.0161861 0.00738968 0.00703496 0.0137881 0.0118458
840 0.0161859 0.00738928 0.00703466 0.0137847 0.0118455
841 0.0161857 0.00738888 0.00703436 0.0137812 0.0118452
842 0.0161855 0.00738848 0.00703407 0.0137778 0.0118449
843 0.0161853 0.00738808 0.00703377 0.0137743 0.0118446
844 0.0161851 0.00738768 0.00703347 0.0137709 0.0118442
845 0.0161849 0.00738728 0.00703317 0.0137674 0.0118439
846 0.0161847 0.00738688 0.00703287 0.013764 0.0118436
847 0.0161845 0.00738648 0.00703258 0.0137605 0.0118433
848 0.0161843 0.00738608 0.00703228 0.0137571 0.011843
849 0.0161841 0.00738568 0.00703198 0.0137536 0.0118427
850 0.0161839 0.00738528 0.00703168 0.0137501 0.0118423
851 0.0161837 0.00738488 0.00703138 0.0137467 0.011842
852 0.0161835 0.00738448 0.00703109 0.0137432 0.0118417
853 0.0161833 0.00738408 0.00703079 0.0137398 0.0118414
854 0.0161831 0.00738369 0.00703049 0.0137363 0.0118411
855 0.016183 0.00738329 0.00703019 0.0137329 0.0118408
856 0.0161828 0.00738289 0.0070299 0.0137294 0.0118404
857 0.0161826 0.00738249 0.0070296 0.013726 0.0118401
858 0.0161824 0.00738209 0.0070293 0.0137225 0.0118398
859 0.0161822 0.00738169 0.007029 0.0137191 0.0118395
860 0.016182 0.0073813 0.00702871 0.0137156 0.0118392
861 0.0161818 0.0073809 0.00702841 0.0137122 0.0118389
862 0.0161816 0.0073805 0.00702811 0.0137087 0.0118385
863 0.0161814 0.0073801 0.00702782 0.0137053 0.0118382
864 0.0161812 0.00737971 0.00702752 0.0137018 0.0118379
865 0.016181 0.00737931 0.00702722 0.0136984 0.0118376
866 0.0161808 0.00737891 0.00702692 0.0136949 0.0118373
867 0.0161806 0.00737851 0.00702663 0.0136915 0.011837
868 0.0161804 0.00737812 0.00702633 0.013688 0.0118366
869 0.0161802 0.00737772 0.00702603 0.0136846 0.0118363
870 0.01618 0.00737732 0.00702574 0.0136812 0.011836
871 0.0161799 0.00737693 0.00702544 0.0136777 0.0118357
872 0.0161797 0.00737653 0.00702514 0.0136743 0.0118354
873 0.0161795 0.00737614 0.00702485 0.0136708 0.0118351
874 0.0161793 0.00737574 0.00702455 0.0136674 0.0118348
875 0.0161791 0.00737534 0.00702425 0.0136639 0.0118344
876 0.0161789 0.00737495 0.00702396 0.0136605 0.0118341
877 0.0161787 0.00737455 0.00702366 0.013657 0.0118338
878 0.0161785 0.00737416 0.00702336 0.0136536 0.0118335
879 0.0161783 0.00737376 0.00702307 0.0136501 0.0118332
880 0.0161781 0.00737337 0.00702277 0.0136467 0.0118329
881 0.0161779 0.00737297 0.00702247 0.0136433 0.0118325
882 0.0161777 0.00737258 0.00702218 0.0136398 0.0118322
883 0.0161775 0.00737218 0.00702188 0.0136364 0.0118319
884 0.0161774 0.00737179 0.00702158 0.0136329 0.0118316
885 0.0161772 0.00737139 0.00702129 0.0136295 0.0118313
886 0.016177 0.007371 0.00702099 0.013626 0.011831
887 0.0161768 0.0073706 0.00702069 0.0136226 0.0118306
888 0.0161766 0.00737021 0.0070204 0.0136192 0.0118303
889 0.0161764 0.00736982 0.0070201 0.0136157 0.01183
890 0.0161762 0.00736942 0.00701981 0.0136123 0.0118297
891 0.016176 0.00736903 0.00701951 0.0136088 0.0118294
892 0.0161758 0.00736864 0.00701921 0.0136054 0.0118291
893 0.0161756 0.00736824 0.00701892 0.013602 0.0118288
894 0.0161754 0.00736785 0.00701862 0.0135985 0.0118284
895 0.0161752 0.00736746 0.00701832 0.0135951 0.0118281
896 0.016175 0.00736706 0.00701803 0.0135916 0.0118278
897 0.0161749 0.00736667 0.00701773 0.0135882 0.0118275
898 0.0161747 0.00736628 0.00701744 0.0135848 0.0118272
899 0.0161745 0.00736589 0.00701714 0.0135813 0.0118269
900 0.0161743 0.00736549 0.00701684 0.0135779 0.0118266
901 0.0161741 0.0073651 0.00701655 0.0135744 0.0118262
902 0.0161739 0.00736471 0.00701625 0.013571 0.0118259
903 0.0161737 0.00736432 0.00701596 0.0135676 0.0118256
904 0.0161735 0.00736393 0.00701566 0.0135641 0.0118253
905 0.0161733 0.00736354 0.00701537 0.0135607 0.011825
906 0.0161731 0.00736314 0.00701507 0.0135573 0.0118247
907 0.0161729 0.00736275 0.00701478 0.0135538 0.0118243
908 0.0161728 0.00736236 0.00701448 0.0135504 0.011824
909 0.0161726 0.00736197 0.00701418 0.0135469 0.0118237
910 0.0161724 0.00736158 0.00701389 0.0135435 0.0118234
911 0.0161722 0.00736119 0.00701359 0.0135401 0.0118231
912 0.016172 0.0073608 0.0070133 0.0135366 0.0118228
913 0.0161718 0.00736041 0.007013 0.0135332 0.0118225
914 0.0161716 0.00736002 0.00701271 0.0135298 0.0118221
915 0.0161714 0.00735963 0.00701241 0.0135263 0.0118218
916 0.0161712 0.00735924 0.00701212 0.0135229 0.0118215
917 0.016171 0.00735885 0.00701182 0.0135195 0.0118212
918 0.0161708 0.00735846 0.00701153 0.013516 0.0118209
919 0.0161707 0.00735807 0.00701123 0.0135126 0.0118206
920 0.0161705 0.00735768 0.00701094 0.0135092 0.0118203
921 0.0161703 0.00735729 0.00701064 0.0135057 0.0118199
922 0.0161701 0.0073569 0.00701035 0.0135023 0.0118196
923 0.0161699 0.00735651 0.00701005 0.0134989 0.0118193
924 0.0161697 0.00735612 0.00700976 0.0134954 0.011819
925 0.0161695 0.00735573 0.00700946 0.013492 0.0118187
926 0.0161693 0.00735535 0.00700917 0.0134886 0.0118184
927 0.0161691 0.00735496 0.00700887 0.0134852 0.0118181
928 0.0161689 0.00735457 0.00700858 0.0134817 0.0118177
929 0.0161688 0.00735418 0.00700828 0.0134783 0.0118174
930 0.0161686 0.00735379 0.00700799 0.0134749 0.0118171
931 0.0161684 0.00735341 0.00700769 0.0134714 0.0118168
932 0.0161682 0.00735302 0.0070074 0.013468 0.0118165
933 0.016168 0.00735263 0.0070071 0.0134646 0.0118162
934 0.0161678 0.00735224 0.00700681 0.0134612 0.0118159
935 0.0161676 0.00735186 0.00700651 0.0134577 0.0118155
936 0.0161674 0.00735147 0.00700622 0.0134543 0.0118152
937 0.0161672 0.00735108 0.00700593 0.0134509 0.0118149
938 0.016167 0.00735069 0.00700563 0.0134474 0.0118146
939 0.0161669 0.00735031 0.00700534 0.013444 0.0118143
940 0.0161667 0.00734992 0.00700504 0.0134406 0.011814
941 0.0161665 0.00734953 0.00700475 0.0134372 0.0118137
942 0.0161663 0.00734915 0.00700445 0.0134337 0.0118133
943 0.0161661 0.00734876 0.00700416 0.0134303 0.011813
944 0.0161659 0.00734838 0.00700387 0.0134269 0.0118127
945 0.0161657 0.00734799 0.00700357 0.0134235 0.0118124
946 0.0161655 0.0073476 0.00700328 0.0134201 0.0118121
947 0.0161653 0.00734722 0.00700298 0.0134166 0.0118118
948 0.0161652 0.00734683 0.00700269 0.0134132 0.0118115
949 0.016165 0.00734645 0.0070024 0.0134098 0.0118111
950 0.0161648 0.00734606 0.0070021 0.0134064 0.0118108
951 0.0161646 0.00734568 0.00700181 0.0134029 0.0118105
952 0.0161644 0.00734529 0.00700151 0.0133995 0.0118102
953 0.0161642 0.00734491 0.00700122 0.0133961 0.0118099
954 0.016164 0.00734452 0.00700093 0.0133927 0.0118096
955 0.0161638 0.00734414 0.00700063 0.0133893 0.0118093
956 0.0161636 0.00734375 0.00700034 0.0133858 0.0118089
957 0.0161635 0.00734337 0.00700004 0.0133824 0.0118086
958 0.0161633 0.00734299 0.00699975 0.013379 0.0118083
959 0.0161631 0.0073426 0.00699946 0.0133756 0.011808
960 0.0161629 0.00734222 0.00699916 0.0133722 0.0118077
961 0.0161627 0.00734183 0.00699887 0.0133687 0.0118074
962 0.0161625 0.00734145 0.00699858 0.0133653 0.0118071
963 0.0161623 0.00734107 0.00699828 0.0133619 0.0118068
964 0.0161621 0.00734068 0.00699799 0.0133585 0.0118064
965 0.016162 0.0073403 0.0069977 0.0133551 0.0118061
966 0.0161618 0.00733992 0.0069974 0.0133517 0.0118058
967 0.0161616 0.00733953 0.00699711 0.0133482 0.0118055
968 0.0161614 0.00733915 0.00699682 0.0133448 0.0118052
969 0.0161612 0.00733877 0.00699652 0.0133414 0.0118049
970 0.016161 0.00733839 0.00699623 0.013338 0.0118046
971 0.0161608 0.007338 0.00699594 0.0133346 0.0118042
972 0.0161606 0.00733762 0.00699564 0.0133312 0.0118039
973 0.0161605 0.00733724 0.00699535 0.0133277 0.0118036
974 0.0161603 0.00733686 0.00699506 0.0133243 0.0118033
975 0.0161601 0.00733648 0.00699477 0.0133209 0.011803
976 0.0161599 0.00733609 0.00699447 0.0133175 0.0118027
977 0.0161597 0.00733571 0.00699418 0.0133141 0.0118024
978 0.0161595 0.00733533 0.00699389 0.0133107 0.0118021
979 0.0161593 0.00733495 0.00699359 0.0133073 0.0118017
980 0.0161591 0.00733457 0.0069933 0.0133039 0.0118014
981 0.016159 0.00733419 0.00699301 0.0133005 0.0118011
982 0.0161588 0.00733381 0.00699272 0.013297 0.0118008
983 0.0161586 0.00733343 0.00699242 0.0132936 0.0118005
984 0.0161584 0.00733305 0.00699213 0.0132902 0.0118002
985 0.0161582 0.00733267 0.00699184 0.0132868 0.0117999
986 0.016158 0.00733229 0.00699155 0.0132834 0.0117996
987 0.0161578 0.00733191 0.00699125 0.01328 0.0117992
988 0.0161576 0.00733153 0.00699096 0.0132766 0.0117989
989 0.0161575 0.00733115 0.00699067 0.0132732 0.0117986
990 0.0161573 0.00733077 0.00699038 0.0132698 0.0117983
991 0.0161571 0.00733039 0.00699008 0.0132664 0.011798
992 0.0161569 0.00733001 0.00698979 0.013263 0.0117977
993 0.0161567 0.00732963 0.0069895 0.0132595 0.0117974
994 0.0161565 0.00732925 0.00698921 0.0132561 0.0117971
995 0.0161563 0.00732887 0.00698891 0.0132527 0.0117967
996 0.0161562 0.00732849 0.00698862 0.0132493 0.0117964
997 0.016156 0.00732811 0.00698833 0.0132459 0.0117961
998 0.0161558 0.00732773 0.00698804 0.0132425 0.0117958
999 0.0161556 0.00732735 0.00698775 0.0132391 0.0117955
