0 0.412069
1 0.350283
2 0.318082
3 0.300536
4 0.289604
5 0.281898
6 0.275929
7 0.270977
8 0.266664
9 0.262777
10 0.259187
11 0.255815
12 0.252608
13 0.249531
14 0.246561
15 0.243681
16 0.240881
17 0.238151
18 0.235487
19 0.232885
20 0.230341
21 0.227854
22 0.225422
23 0.223046
24 0.220723
25 0.218455
26 0.216239
27 0.214077
28 0.211967
29 0.20991
30 0.207905
31 0.205952
32 0.204049
33 0.202197
34 0.200395
35 0.198642
36 0.196937
37 0.195279
38 0.193668
39 0.192103
40 0.190582
41 0.189104
42 0.187669
43 0.186276
44 0.184923
45 0.183609
46 0.182333
47 0.181094
48 0.179892
49 0.178724
50 0.17759
51 0.176489
52 0.17542
53 0.174382
54 0.173374
55 0.172394
56 0.171443
57 0.170519
58 0.169621
59 0.168748
60 0.1679
61 0.167075
62 0.166274
63 0.165495
64 0.164737
65 0.164
66 0.163283
67 0.162585
68 0.161906
69 0.161245
70 0.160602
71 0.159975
72 0.159366
73 0.158772
74 0.158193
75 0.157629
76 0.15708
77 0.156544
78 0.156022
79 0.155513
80 0.155017
81 0.154533
82 0.154061
83 0.1536
84 0.15315
85 0.152712
86 0.152283
87 0.151865
88 0.151456
89 0.151058
90 0.150668
91 0.150287
92 0.149915
93 0.149551
94 0.149196
95 0.148848
96 0.148509
97 0.148176
98 0.147851
99 0.147533
100 0.147222
101 0.146918
102 0.14662
103 0.146328
104 0.146042
105 0.145763
106 0.145489
107 0.145221
108 0.144958
109 0.1447
110 0.144448
111 0.144201
112 0.143958
113 0.143721
114 0.143488
115 0.143259
116 0.143035
117 0.142816
118 0.1426
119 0.142389
120 0.142181
121 0.141978
122 0.141778
123 0.141582
124 0.141389
125 0.1412
126 0.141014
127 0.140832
128 0.140653
129 0.140477
130 0.140304
131 0.140135
132 0.139968
133 0.139804
134 0.139643
135 0.139484
136 0.139329
137 0.139175
138 0.139025
139 0.138877
140 0.138731
141 0.138588
142 0.138447
143 0.138309
144 0.138172
145 0.138038
146 0.137906
147 0.137776
148 0.137648
149 0.137522
150 0.137398
151 0.137276
152 0.137156
153 0.137038
154 0.136921
155 0.136807
156 0.136693
157 0.136582
158 0.136472
159 0.136364
160 0.136258
161 0.136153
162 0.136049
163 0.135948
164 0.135847
165 0.135748
166 0.13565
167 0.135554
168 0.135459
169 0.135366
170 0.135273
171 0.135182
172 0.135093
173 0.135004
174 0.134917
175 0.134831
176 0.134746
177 0.134662
178 0.134579
179 0.134497
180 0.134417
181 0.134337
182 0.134259
183 0.134181
184 0.134105
185 0.134029
186 0.133955
187 0.133881
188 0.133808
189 0.133737
190 0.133666
191 0.133596
192 0.133527
193 0.133459
194 0.133391
195 0.133325
196 0.133259
197 0.133194
198 0.13313
199 0.133066
200 0.133004
201 0.132942
202 0.132881
203 0.13282
204 0.13276
205 0.132701
206 0.132643
207 0.132585
208 0.132528
209 0.132472
210 0.132416
211 0.132361
212 0.132306
213 0.132253
214 0.132199
215 0.132147
216 0.132094
217 0.132043
218 0.131992
219 0.131942
220 0.131892
221 0.131842
222 0.131794
223 0.131745
224 0.131698
225 0.13165
226 0.131604
227 0.131557
228 0.131512
229 0.131466
230 0.131422
231 0.131377
232 0.131333
233 0.13129
234 0.131247
235 0.131205
236 0.131162
237 0.131121
238 0.13108
239 0.131039
240 0.130998
241 0.130958
242 0.130919
243 0.130879
244 0.130841
245 0.130802
246 0.130764
247 0.130726
248 0.130689
249 0.130652
250 0.130615
251 0.130579
252 0.130543
253 0.130508
254 0.130472
255 0.130438
256 0.130403
257 0.130369
258 0.130335
259 0.130301
260 0.130268
261 0.130235
262 0.130202
263 0.13017
264 0.130138
265 0.130106
266 0.130074
267 0.130043
268 0.130012
269 0.129982
270 0.129951
271 0.129921
272 0.129891
273 0.129862
274 0.129832
275 0.129803
276 0.129774
277 0.129746
278 0.129718
279 0.129689
280 0.129662
281 0.129634
282 0.129607
283 0.12958
284 0.129553
285 0.129526
286 0.1295
287 0.129473
288 0.129447
289 0.129422
290 0.129396
291 0.129371
292 0.129346
293 0.129321
294 0.129296
295 0.129272
296 0.129247
297 0.129223
298 0.129199
299 0.129176
300 0.129152
301 0.129129
302 0.129106
303 0.129083
304 0.12906
305 0.129037
306 0.129015
307 0.128993
308 0.128971
309 0.128949
310 0.128927
311 0.128905
312 0.128884
313 0.128863
314 0.128842
315 0.128821
316 0.1288
317 0.12878
318 0.128759
319 0.128739
320 0.128719
321 0.128699
322 0.128679
323 0.12866
324 0.12864
325 0.128621
326 0.128602
327 0.128583
328 0.128564
329 0.128545
330 0.128526
331 0.128508
332 0.128489
333 0.128471
334 0.128453
335 0.128435
336 0.128417
337 0.1284
338 0.128382
339 0.128365
340 0.128347
341 0.12833
342 0.128313
343 0.128296
344 0.128279
345 0.128263
346 0.128246
347 0.128229
348 0.128213
349 0.128197
350 0.128181
351 0.128165
352 0.128149
353 0.128133
354 0.128117
355 0.128102
356 0.128086
357 0.128071
358 0.128056
359 0.128041
360 0.128026
361 0.128011
362 0.127996
363 0.127981
364 0.127966
365 0.127952
366 0.127937
367 0.127923
368 0.127909
369 0.127895
370 0.127881
371 0.127867
372 0.127853
373 0.127839
374 0.127825
375 0.127812
376 0.127798
377 0.127785
378 0.127771
379 0.127758
380 0.127745
381 0.127732
382 0.127719
383 0.127706
384 0.127693
385 0.12768
386 0.127668
387 0.127655
388 0.127643
389 0.12763
390 0.127618
391 0.127605
392 0.127593
393 0.127581
394 0.127569
395 0.127557
396 0.127545
397 0.127533
398 0.127522
399 0.12751
400 0.127498
401 0.127487
402 0.127475
403 0.127464
404 0.127453
405 0.127441
406 0.12743
407 0.127419
408 0.127408
409 0.127397
410 0.127386
411 0.127375
412 0.127365
413 0.127354
414 0.127343
415 0.127333
416 0.127322
417 0.127312
418 0.127301
419 0.127291
420 0.127281
421 0.12727
422 0.12726
423 0.12725
424 0.12724
425 0.12723
426 0.12722
427 0.12721
428 0.127201
429 0.127191
430 0.127181
431 0.127171
432 0.127162
433 0.127152
434 0.127143
435 0.127133
436 0.127124
437 0.127115
438 0.127106
439 0.127096
440 0.127087
441 0.127078
442 0.127069
443 0.12706
444 0.127051
445 0.127042
446 0.127033
447 0.127025
448 0.127016
449 0.127007
450 0.126998
451 0.12699
452 0.126981
453 0.126973
454 0.126964
455 0.126956
456 0.126947
457 0.126939
458 0.126931
459 0.126923
460 0.126914
461 0.126906
462 0.126898
463 0.12689
464 0.126882
465 0.126874
466 0.126866
467 0.126858
468 0.12685
469 0.126843
470 0.126835
471 0.126827
472 0.126819
473 0.126812
474 0.126804
475 0.126797
476 0.126789
477 0.126782
478 0.126774
479 0.126767
480 0.126759
481 0.126752
482 0.126745
483 0.126738
484 0.12673
485 0.126723
486 0.126716
487 0.126709
488 0.126702
489 0.126695
490 0.126688
491 0.126681
492 0.126674
493 0.126667
494 0.12666
495 0.126653
496 0.126647
497 0.12664
498 0.126633
499 0.126627
500 0.12662
501 0.126613
502 0.126607
503 0.1266
504 0.126594
505 0.126587
506 0.126581
507 0.126574
508 0.126568
509 0.126562
510 0.126555
511 0.126549
512 0.126543
513 0.126536
514 0.12653
515 0.126524
516 0.126518
517 0.126512
518 0.126506
519 0.1265
520 0.126494
521 0.126488
522 0.126482
523 0.126476
524 0.12647
525 0.126464
526 0.126458
527 0.126452
528 0.126447
529 0.126441
530 0.126435
531 0.126429
532 0.126424
533 0.126418
534 0.126412
535 0.126407
536 0.126401
537 0.126396
538 0.12639
539 0.126385
540 0.126379
541 0.126374
542 0.126368
543 0.126363
544 0.126358
545 0.126352
546 0.126347
547 0.126342
548 0.126336
549 0.126331
550 0.126326
551 0.126321
552 0.126315
553 0.12631
554 0.126305
555 0.1263
556 0.126295
557 0.12629
558 0.126285
559 0.12628
560 0.126275
561 0.12627
562 0.126265
563 0.12626
564 0.126255
565 0.12625
566 0.126245
567 0.126241
568 0.126236
569 0.126231
570 0.126226
571 0.126221
572 0.126217
573 0.126212
574 0.126207
575 0.126203
576 0.126198
577 0.126193
578 0.126189
579 0.126184
580 0.12618
581 0.126175
582 0.126171
583 0.126166
584 0.126162
585 0.126157
586 0.126153
587 0.126148
588 0.126144
589 0.12614
590 0.126135
591 0.126131
592 0.126126
593 0.126122
594 0.126118
595 0.126114
596 0.126109
597 0.126105
598 0.126101
599 0.126097
600 0.126092
601 0.126088
602 0.126084
603 0.12608
604 0.126076
605 0.126072
606 0.126068
607 0.126064
608 0.12606
609 0.126056
610 0.126052
611 0.126048
612 0.126044
613 0.12604
614 0.126036
615 0.126032
616 0.126028
617 0.126024
618 0.12602
619 0.126016
620 0.126012
621 0.126009
622 0.126005
623 0.126001
624 0.125997
625 0.125993
626 0.12599
627 0.125986
628 0.125982
629 0.125979
630 0.125975
631 0.125971
632 0.125968
633 0.125964
634 0.12596
635 0.125957
636 0.125953
637 0.125949
638 0.125946
639 0.125942
640 0.125939
641 0.125935
642 0.125932
643 0.125928
644 0.125925
645 0.125921
646 0.125918
647 0.125914
648 0.125911
649 0.125908
650 0.125904
651 0.125901
652 0.125897
653 0.125894
654 0.125891
655 0.125887
656 0.125884
657 0.125881
658 0.125877
659 0.125874
660 0.125871
661 0.125868
662 0.125864
663 0.125861
664 0.125858
665 0.125855
666 0.125852
667 0.125848
668 0.125845
669 0.125842
670 0.125839
671 0.125836
672 0.125833
673 0.125829
674 0.125826
675 0.125823
676 0.12582
677 0.125817
678 0.125814
679 0.125811
680 0.125808
681 0.125805
682 0.125802
683 0.125799
684 0.125796
685 0.125793
686 0.12579
687 0.125787
688 0.125784
689 0.125781
690 0.125778
691 0.125776
692 0.125773
693 0.12577
694 0.125767
695 0.125764
696 0.125761
697 0.125758
698 0.125756
699 0.125753
700 0.12575
701 0.125747
702 0.125744
703 0.125742
704 0.125739
705 0.125736
706 0.125733
707 0.125731
708 0.125728
709 0.125725
710 0.125722
711 0.12572
712 0.125717
713 0.125714
714 0.125712
715 0.125709
716 0.125706
717 0.125704
718 0.125701
719 0.125699
720 0.125696
721 0.125693
722 0.125691
723 0.125688
724 0.125686
725 0.125683
726 0.12568
727 0.125678
728 0.125675
729 0.125673
730 0.12567
731 0.125668
732 0.125665
733 0.125663
734 0.12566
735 0.125658
736 0.125655
737 0.125653
738 0.125651
739 0.125648
740 0.125646
741 0.125643
742 0.125641
743 0.125639
744 0.125636
745 0.125634
746 0.125631
747 0.125629
748 0.125627
749 0.125624
750 0.125622
751 0.12562
752 0.125617
753 0.125615
754 0.125613
755 0.12561
756 0.125608
757 0.125606
758 0.125604
759 0.125601
760 0.125599
761 0.125597
762 0.125595
763 0.125592
764 0.12559
765 0.125588
766 0.125586
767 0.125583
768 0.125581
769 0.125579
770 0.125577
771 0.125575
772 0.125572
773 0.12557
774 0.125568
775 0.125566
776 0.125564
777 0.125562
778 0.12556
779 0.125558
780 0.125555
781 0.125553
782 0.125551
783 0.125549
784 0.125547
785 0.125545
786 0.125543
787 0.125541
788 0.125539
789 0.125537
790 0.125535
791 0.125533
792 0.125531
793 0.125529
794 0.125527
795 0.125525
796 0.125523
797 0.125521
798 0.125519
799 0.125517
800 0.125515
801 0.125513
802 0.125511
803 0.125509
804 0.125507
805 0.125505
806 0.125503
807 0.125501
808 0.125499
809 0.125497
810 0.125495
811 0.125493
812 0.125492
813 0.12549
814 0.125488
815 0.125486
816 0.125484
817 0.125482
818 0.12548
819 0.125478
820 0.125477
821 0.125475
822 0.125473
823 0.125471
824 0.125469
825 0.125467
826 0.125466
827 0.125464
828 0.125462
829 0.12546
830 0.125458
831 0.125457
832 0.125455
833 0.125453
834 0.125451
835 0.12545
836 0.125448
837 0.125446
838 0.125444
839 0.125443
840 0.125441
841 0.125439
842 0.125437
843 0.125436
844 0.125434
845 0.125432
846 0.125431
847 0.125429
848 0.125427
849 0.125426
850 0.125424
851 0.125422
852 0.125421
853 0.125419
854 0.125417
855 0.125416
856 0.125414
857 0.125412
858 0.125411
859 0.125409
860 0.125407
861 0.125406
862 0.125404
863 0.125403
864 0.125401
865 0.125399
866 0.125398
867 0.125396
868 0.125395
869 0.125393
870 0.125392
871 0.12539
872 0.125388
873 0.125387
874 0.125385
875 0.125384
876 0.125382
877 0.125381
878 0.125379
879 0.125378
880 0.125376
881 0.125375
882 0.125373
883 0.125372
884 0.12537
885 0.125369
886 0.125367
887 0.125366
888 0.125364
889 0.125363
890 0.125361
891 0.12536
892 0.125358
893 0.125357
894 0.125355
895 0.125354
896 0.125352
897 0.125351
898 0.125349
899 0.125348
900 0.125347
901 0.125345
902 0.125344
903 0.125342
904 0.125341
905 0.125339
906 0.125338
907 0.125337
908 0.125335
909 0.125334
910 0.125332
911 0.125331
912 0.12533
913 0.125328
914 0.125327
915 0.125326
916 0.125324
917 0.125323
918 0.125321
919 0.12532
920 0.125319
921 0.125317
922 0.125316
923 0.125315
924 0.125313
925 0.125312
926 0.125311
927 0.125309
928 0.125308
929 0.125307
930 0.125305
931 0.125304
932 0.125303
933 0.125302
934 0.1253
935 0.125299
936 0.125298
937 0.125296
938 0.125295
939 0.125294
940 0.125293
941 0.125291
942 0.12529
943 0.125289
944 0.125287
945 0.125286
946 0.125285
947 0.125284
948 0.125282
949 0.125281
950 0.12528
951 0.125279
952 0.125278
953 0.125276
954 0.125275
955 0.125274
956 0.125273
957 0.125271
958 0.12527
959 0.125269
960 0.125268
961 0.125267
962 0.125265
963 0.125264
964 0.125263
965 0.125262
966 0.125261
967 0.12526
968 0.125258
969 0.125257
970 0.125256
971 0.125255
972 0.125254
973 0.125253
974 0.125251
975 0.12525
976 0.125249
977 0.125248
978 0.125247
979 0.125246
980 0.125245
981 0.125243
982 0.125242
983 0.125241
984 0.12524
985 0.125239
986 0.125238
987 0.125237
988 0.125236
989 0.125234
990 0.125233
991 0.125232
992 0.125231
993 0.12523
994 0.125229
995 0.125228
996 0.125227
997 0.125226
998 0.125225
999 0.125224
