0 0.223863 0.350273 0.285709 0.237792 0.377831 0.38596 0.314439 0.258666 0.218921 0.222487
1 0.215857 0.30476 0.25971 0.226385 0.326238 0.332977 0.279314 0.241335 0.212099 0.214909
2 0.210106 0.275662 0.244093 0.218725 0.290554 0.295285 0.258147 0.230476 0.207041 0.209407
3 0.205687 0.258252 0.234162 0.213169 0.268976 0.272313 0.245229 0.223116 0.203052 0.20514
4 0.202101 0.247371 0.227316 0.20886 0.255833 0.258399 0.236756 0.217727 0.199747 0.201651
5 0.199062 0.240013 0.222224 0.205334 0.247252 0.249402 0.23073 0.213513 0.196903 0.198677
6 0.196399 0.234635 0.21819 0.202326 0.241183 0.243101 0.226128 0.210039 0.194381 0.196061
7 0.194007 0.230431 0.214827 0.199676 0.236571 0.238355 0.222401 0.207056 0.192096 0.193703
8 0.191815 0.226965 0.211913 0.197282 0.232853 0.234555 0.21924 0.204412 0.189988 0.191537
9 0.189777 0.223983 0.209311 0.19508 0.22971 0.231361 0.216463 0.202011 0.188019 0.189519
10 0.18786 0.221332 0.206933 0.193024 0.226954 0.228573 0.213954 0.199792 0.18616 0.187618
11 0.186043 0.218915 0.204722 0.191084 0.224467 0.226064 0.21164 0.197713 0.184392 0.185813
12 0.184307 0.216668 0.202638 0.189238 0.222172 0.223755 0.209472 0.195742 0.182701 0.184088
13 0.182641 0.21455 0.200656 0.18747 0.220018 0.221593 0.207416 0.19386 0.181075 0.182432
14 0.181036 0.212529 0.198754 0.185769 0.217972 0.219541 0.205448 0.192053 0.179507 0.180834
15 0.179484 0.210585 0.19692 0.184127 0.216007 0.217572 0.203551 0.190307 0.17799 0.17929
16 0.177981 0.208702 0.195143 0.182535 0.214107 0.215669 0.201713 0.188616 0.17652 0.177793
17 0.176521 0.20687 0.193415 0.18099 0.212259 0.213818 0.199924 0.186973 0.175092 0.176339
18 0.175102 0.205081 0.191731 0.179487 0.210452 0.212009 0.198178 0.185374 0.173704 0.174925
19 0.173721 0.203328 0.190087 0.178024 0.208681 0.210235 0.196471 0.183814 0.172353 0.173549
20 0.172376 0.201607 0.188479 0.176597 0.20694 0.208491 0.194797 0.182292 0.171036 0.172209
21 0.171065 0.199914 0.186904 0.175205 0.205226 0.206773 0.193155 0.180804 0.169754 0.170902
22 0.169786 0.198248 0.185361 0.173846 0.203535 0.205077 0.191542 0.179349 0.168502 0.169627
23 0.168538 0.196606 0.183848 0.172518 0.201865 0.203402 0.189957 0.177925 0.167282 0.168384
24 0.16732 0.194988 0.182364 0.171222 0.200216 0.201747 0.188398 0.176532 0.166091 0.16717
25 0.166132 0.193391 0.180909 0.169955 0.198586 0.200109 0.186866 0.175169 0.164929 0.165985
26 0.164971 0.191817 0.179481 0.168716 0.196974 0.19849 0.185358 0.173834 0.163794 0.164828
27 0.163838 0.190264 0.17808 0.167506 0.195381 0.196887 0.183876 0.172527 0.162686 0.163698
28 0.162731 0.188732 0.176706 0.166323 0.193806 0.195302 0.182418 0.171248 0.161605 0.162594
29 0.16165 0.187222 0.175358 0.165167 0.192249 0.193733 0.180984 0.169996 0.160549 0.161517
30 0.160595 0.185733 0.174036 0.164037 0.19071 0.192182 0.179575 0.16877 0.159518 0.160465
31 0.159564 0.184266 0.17274 0.162933 0.18919 0.190649 0.17819 0.16757 0.158511 0.159437
32 0.158557 0.18282 0.171469 0.161853 0.187688 0.189134 0.176829 0.166396 0.157528 0.158433
33 0.157574 0.181396 0.170223 0.160798 0.186206 0.187637 0.175492 0.165247 0.156568 0.157453
34 0.156614 0.179994 0.169003 0.159767 0.184744 0.186159 0.174179 0.164123 0.155631 0.156496
35 0.155677 0.178614 0.167807 0.15876 0.183302 0.1847 0.172891 0.163024 0.154716 0.155561
36 0.154761 0.177257 0.166635 0.157776 0.18188 0.183261 0.171626 0.161948 0.153822 0.154648
37 0.153867 0.175922 0.165488 0.156814 0.180479 0.181842 0.170385 0.160897 0.15295 0.153757
38 0.152994 0.174611 0.164365 0.155875 0.179099 0.180443 0.169168 0.159868 0.152098 0.152887
39 0.152142 0.173322 0.163266 0.154957 0.17774 0.179066 0.167975 0.158863 0.151266 0.152037
40 0.151309 0.172056 0.16219 0.154061 0.176404 0.177709 0.166806 0.15788 0.150453 0.151207
41 0.150496 0.170813 0.161137 0.153185 0.175089 0.176374 0.165661 0.15692 0.14966 0.150396
42 0.149702 0.169594 0.160107 0.15233 0.173796 0.175061 0.164538 0.155981 0.148886 0.149605
43 0.148927 0.168397 0.1591 0.151495 0.172526 0.173771 0.163439 0.155063 0.14813 0.148832
44 0.14817 0.167224 0.158114 0.150679 0.171279 0.172502 0.162363 0.154167 0.147391 0.148077
45 0.147431 0.166074 0.157151 0.149882 0.170054 0.171256 0.16131 0.153291 0.14667 0.14734
46 0.146709 0.164947 0.156209 0.149104 0.168851 0.170032 0.160279 0.152435 0.145966 0.146621
47 0.146005 0.163842 0.155289 0.148344 0.167672 0.168831 0.15927 0.151599 0.145278 0.145918
48 0.145316 0.16276 0.154389 0.147601 0.166515 0.167653 0.158283 0.150782 0.144607 0.145232
49 0.144644 0.161701 0.153509 0.146876 0.165381 0.166497 0.157318 0.149984 0.143951 0.144561
50 0.143987 0.160664 0.15265 0.146168 0.16427 0.165364 0.156374 0.149204 0.14331 0.143906
51 0.143346 0.159649 0.15181 0.145476 0.163181 0.164253 0.155452 0.148443 0.142684 0.143267
52 0.142719 0.158655 0.150989 0.144801 0.162114 0.163165 0.154549 0.147699 0.142073 0.142642
53 0.142107 0.157684 0.150188 0.144141 0.16107 0.162099 0.153667 0.146972 0.141476 0.142032
54 0.141509 0.156733 0.149404 0.143496 0.160047 0.161055 0.152805 0.146263 0.140893 0.141436
55 0.140925 0.155803 0.148639 0.142867 0.159046 0.160033 0.151963 0.14557 0.140323 0.140854
56 0.140355 0.154894 0.147891 0.142252 0.158067 0.159033 0.151139 0.144892 0.139766 0.140285
57 0.139797 0.154005 0.147161 0.141651 0.157109 0.158054 0.150335 0.144231 0.139221 0.139729
58 0.139252 0.153137 0.146447 0.141064 0.156172 0.157096 0.149549 0.143585 0.138689 0.139185
59 0.13872 0.152287 0.14575 0.14049 0.155255 0.15616 0.148781 0.142953 0.13817 0.138654
60 0.138199 0.151457 0.145069 0.139929 0.154359 0.155243 0.14803 0.142336 0.137662 0.138135
61 0.13769 0.150646 0.144404 0.139382 0.153482 0.154347 0.147297 0.141734 0.137165 0.137628
62 0.137193 0.149853 0.143754 0.138846 0.152626 0.153471 0.14658 0.141145 0.136679 0.137132
63 0.136707 0.149078 0.143119 0.138323 0.151788 0.152615 0.145881 0.14057 0.136205 0.136647
64 0.136232 0.148321 0.142498 0.137812 0.15097 0.151778 0.145197 0.140007 0.13574 0.136173
65 0.135767 0.147582 0.141892 0.137312 0.15017 0.15096 0.144529 0.139458 0.135286 0.13571
66 0.135312 0.146859 0.1413 0.136823 0.149388 0.15016 0.143876 0.138921 0.134842 0.135256
67 0.134868 0.146153 0.140721 0.136345 0.148624 0.149378 0.143238 0.138396 0.134408 0.134813
68 0.134433 0.145463 0.140155 0.135878 0.147877 0.148615 0.142615 0.137883 0.133983 0.13438
69 0.134008 0.144789 0.139603 0.135421 0.147148 0.147869 0.142006 0.137382 0.133568 0.133955
70 0.133592 0.14413 0.139062 0.134974 0.146435 0.147139 0.141412 0.136891 0.133161 0.13354
71 0.133184 0.143487 0.138534 0.134537 0.145739 0.146427 0.14083 0.136412 0.132763 0.133134
72 0.132786 0.142858 0.138018 0.134109 0.145059 0.145731 0.140262 0.135943 0.132374 0.132737
73 0.132396 0.142244 0.137514 0.133691 0.144394 0.145051 0.139707 0.135485 0.131993 0.132348
74 0.132015 0.141643 0.137021 0.133282 0.143744 0.144386 0.139165 0.135037 0.13162 0.131968
75 0.131641 0.141057 0.136538 0.132881 0.14311 0.143737 0.138634 0.134598 0.131255 0.131595
76 0.131276 0.140483 0.136067 0.132489 0.14249 0.143102 0.138116 0.134169 0.130897 0.131231
77 0.130918 0.139923 0.135606 0.132106 0.141884 0.142482 0.137609 0.13375 0.130547 0.130873
78 0.130567 0.139376 0.135155 0.13173 0.141291 0.141876 0.137114 0.133339 0.130204 0.130524
79 0.130224 0.138841 0.134714 0.131363 0.140713 0.141284 0.136629 0.132937 0.129868 0.130181
80 0.129887 0.138317 0.134282 0.131003 0.140147 0.140706 0.136156 0.132544 0.129539 0.129846
81 0.129558 0.137806 0.13386 0.130651 0.139595 0.14014 0.135692 0.132159 0.129217 0.129518
82 0.129235 0.137306 0.133447 0.130306 0.139054 0.139588 0.13524 0.131783 0.128901 0.129196
83 0.128919 0.136817 0.133043 0.129968 0.138527 0.139048 0.134796 0.131414 0.128592 0.12888
84 0.12861 0.13634 0.132647 0.129637 0.13801 0.13852 0.134363 0.131053 0.128289 0.128572
85 0.128306 0.135872 0.13226 0.129312 0.137506 0.138004 0.133939 0.1307 0.127992 0.128269
86 0.128009 0.135415 0.131882 0.128995 0.137013 0.1375 0.133524 0.130354 0.1277 0.127972
87 0.127717 0.134968 0.131511 0.128683 0.13653 0.137006 0.133119 0.130015 0.127415 0.127681
88 0.127431 0.134531 0.131148 0.128378 0.136059 0.136524 0.132722 0.129683 0.127135 0.127396
89 0.127151 0.134103 0.130792 0.12808 0.135597 0.136053 0.132333 0.129357 0.126861 0.127116
90 0.126876 0.133685 0.130444 0.127786 0.135146 0.135592 0.131952 0.129039 0.126591 0.126842
91 0.126607 0.133276 0.130103 0.127499 0.134705 0.135141 0.13158 0.128727 0.126327 0.126573
92 0.126342 0.132875 0.12977 0.127218 0.134274 0.1347 0.131216 0.128421 0.126068 0.12631
93 0.126083 0.132483 0.129442 0.126941 0.133852 0.134268 0.130859 0.128121 0.125814 0.126051
94 0.125829 0.132099 0.129122 0.126671 0.133439 0.133846 0.130509 0.127827 0.125565 0.125797
95 0.125579 0.131724 0.128808 0.126405 0.133034 0.133433 0.130167 0.127539 0.12532 0.125548
96 0.125334 0.131356 0.128501 0.126145 0.132639 0.133029 0.129832 0.127256 0.12508 0.125304
97 0.125094 0.130996 0.128199 0.125889 0.132252 0.132634 0.129503 0.12698 0.124845 0.125065
98 0.124858 0.130644 0.127904 0.125638 0.131873 0.132247 0.129182 0.126708 0.124614 0.124829
99 0.124627 0.130299 0.127614 0.125393 0.131502 0.131868 0.128866 0.126442 0.124387 0.124598
100 0.1244 0.129961 0.12733 0.125151 0.131139 0.131497 0.128558 0.12618 0.124164 0.124372
101 0.124177 0.12963 0.127052 0.124914 0.130784 0.131134 0.128255 0.125924 0.123945 0.124149
102 0.123958 0.129305 0.126779 0.124682 0.130436 0.130779 0.127958 0.125673 0.12373 0.123931
103 0.123743 0.128988 0.126511 0.124454 0.130095 0.130431 0.127667 0.125426 0.123519 0.123716
104 0.123531 0.128676 0.126248 0.12423 0.129761 0.13009 0.127382 0.125184 0.123312 0.123505
105 0.123324 0.128371 0.125991 0.12401 0.129434 0.129756 0.127103 0.124947 0.123109 0.123298
106 0.12312 0.128072 0.125738 0.123794 0.129113 0.129429 0.126829 0.124714 0.122909 0.123095
107 0.12292 0.127779 0.12549 0.123581 0.128799 0.129109 0.12656 0.124485 0.122712 0.122895
108 0.122723 0.127492 0.125247 0.123373 0.128492 0.128795 0.126297 0.12426 0.122519 0.122699
109 0.12253 0.12721 0.125008 0.123168 0.12819 0.128488 0.126038 0.12404 0.122329 0.122506
110 0.12234 0.126934 0.124774 0.122967 0.127895 0.128186 0.125785 0.123823 0.122143 0.122317
111 0.122154 0.126663 0.124544 0.12277 0.127605 0.127891 0.125536 0.12361 0.12196 0.122131
112 0.12197 0.126398 0.124318 0.122576 0.127321 0.127601 0.125292 0.123401 0.12178 0.121948
113 0.12179 0.126137 0.124097 0.122385 0.127043 0.127317 0.125052 0.123196 0.121603 0.121768
114 0.121613 0.125882 0.123879 0.122198 0.12677 0.127039 0.124817 0.122995 0.121428 0.121591
115 0.121438 0.125631 0.123665 0.122014 0.126502 0.126766 0.124586 0.122797 0.121257 0.121417
116 0.121267 0.125385 0.123455 0.121832 0.12624 0.126499 0.12436 0.122602 0.121089 0.121246
117 0.121098 0.125144 0.123249 0.121654 0.125982 0.126236 0.124137 0.122411 0.120923 0.121078
118 0.120933 0.124907 0.123047 0.121479 0.12573 0.125979 0.123919 0.122223 0.12076 0.120912
119 0.12077 0.124674 0.122848 0.121307 0.125482 0.125726 0.123704 0.122039 0.1206 0.12075
120 0.120609 0.124446 0.122652 0.121138 0.125239 0.125478 0.123494 0.121857 0.120443 0.120589
121 0.120451 0.124222 0.12246 0.120972 0.125 0.125235 0.123287 0.121679 0.120288 0.120432
122 0.120296 0.124002 0.122272 0.120808 0.124766 0.124997 0.123084 0.121503 0.120135 0.120277
123 0.120144 0.123786 0.122086 0.120647 0.124536 0.124763 0.122884 0.121331 0.119985 0.120125
124 0.119993 0.123574 0.121904 0.120489 0.12431 0.124533 0.122688 0.121161 0.119837 0.119975
125 0.119845 0.123366 0.121725 0.120333 0.124089 0.124307 0.122495 0.120994 0.119692 0.119827
126 0.1197 0.123161 0.121548 0.12018 0.123871 0.124086 0.122306 0.12083 0.119549 0.119682
127 0.119557 0.12296 0.121375 0.120029 0.123658 0.123868 0.12212 0.120669 0.119408 0.119539
128 0.119416 0.122763 0.121205 0.11988 0.123448 0.123654 0.121937 0.12051 0.119269 0.119398
129 0.119277 0.122569 0.121037 0.119734 0.123242 0.123445 0.121757 0.120354 0.119132 0.11926
130 0.11914 0.122378 0.120873 0.11959 0.123039 0.123239 0.12158 0.1202 0.118998 0.119123
131 0.119005 0.122191 0.12071 0.119449 0.12284 0.123036 0.121407 0.120049 0.118865 0.118989
132 0.118873 0.122007 0.120551 0.119309 0.122645 0.122838 0.121236 0.1199 0.118735 0.118856
133 0.118742 0.121826 0.120394 0.119172 0.122453 0.122642 0.121068 0.119754 0.118606 0.118726
134 0.118614 0.121648 0.12024 0.119037 0.122264 0.12245 0.120902 0.11961 0.11848 0.118598
135 0.118487 0.121473 0.120088 0.118904 0.122079 0.122262 0.12074 0.119468 0.118355 0.118471
136 0.118362 0.121301 0.119939 0.118773 0.121897 0.122076 0.12058 0.119328 0.118233 0.118347
137 0.118239 0.121132 0.119792 0.118644 0.121718 0.121894 0.120423 0.119191 0.118112 0.118224
138 0.118118 0.120965 0.119647 0.118517 0.121541 0.121715 0.120268 0.119055 0.117992 0.118103
139 0.117999 0.120802 0.119504 0.118392 0.121368 0.121539 0.120116 0.118922 0.117875 0.117984
140 0.117881 0.120641 0.119364 0.118268 0.121198 0.121366 0.119966 0.118791 0.117759 0.117867
141 0.117766 0.120482 0.119226 0.118147 0.121031 0.121195 0.119818 0.118661 0.117645 0.117751
142 0.117651 0.120327 0.11909 0.118027 0.120866 0.121028 0.119673 0.118534 0.117533 0.117637
143 0.117539 0.120173 0.118956 0.117909 0.120704 0.120863 0.11953 0.118409 0.117422 0.117525
144 0.117428 0.120023 0.118824 0.117793 0.120545 0.120701 0.119389 0.118285 0.117312 0.117414
145 0.117319 0.119874 0.118695 0.117678 0.120388 0.120542 0.119251 0.118163 0.117205 0.117305
146 0.117211 0.119728 0.118567 0.117565 0.120234 0.120385 0.119115 0.118043 0.117099 0.117197
147 0.117105 0.119584 0.118441 0.117454 0.120082 0.120231 0.11898 0.117925 0.116994 0.117091
148 0.117 0.119443 0.118317 0.117344 0.119932 0.12008 0.118848 0.117809 0.116891 0.116987
149 0.116896 0.119304 0.118194 0.117236 0.119785 0.11993 0.118718 0.117694 0.116789 0.116884
150 0.116794 0.119166 0.118074 0.11713 0.119641 0.119783 0.11859 0.117581 0.116688 0.116782
151 0.116694 0.119031 0.117955 0.117024 0.119498 0.119639 0.118464 0.117469 0.116589 0.116682
152 0.116595 0.118898 0.117838 0.116921 0.119358 0.119496 0.118339 0.117359 0.116492 0.116583
153 0.116497 0.118767 0.117723 0.116818 0.11922 0.119356 0.118217 0.117251 0.116395 0.116485
154 0.116401 0.118639 0.11761 0.116718 0.119084 0.119218 0.118096 0.117144 0.1163 0.116389
155 0.116305 0.118511 0.117498 0.116618 0.118951 0.119082 0.117977 0.117039 0.116206 0.116294
156 0.116212 0.118386 0.117387 0.11652 0.118819 0.118949 0.11786 0.116935 0.116114 0.1162
157 0.116119 0.118263 0.117279 0.116423 0.118689 0.118817 0.117744 0.116832 0.116022 0.116108
158 0.116028 0.118142 0.117171 0.116328 0.118561 0.118687 0.11763 0.116731 0.115932 0.116016
159 0.115937 0.118022 0.117066 0.116234 0.118435 0.118559 0.117518 0.116632 0.115843 0.115926
160 0.115848 0.117904 0.116961 0.116141 0.118311 0.118433 0.117407 0.116533 0.115756 0.115837
161 0.115761 0.117788 0.116858 0.116049 0.118189 0.11831 0.117298 0.116436 0.115669 0.11575
162 0.115674 0.117673 0.116757 0.115959 0.118069 0.118187 0.117191 0.116341 0.115584 0.115663
163 0.115588 0.11756 0.116657 0.115869 0.11795 0.118067 0.117085 0.116246 0.115499 0.115578
164 0.115504 0.117449 0.116558 0.115781 0.117833 0.117948 0.11698 0.116153 0.115416 0.115494
165 0.115421 0.11734 0.116461 0.115694 0.117718 0.117832 0.116877 0.116061 0.115334 0.11541
166 0.115338 0.117231 0.116365 0.115609 0.117605 0.117716 0.116775 0.115971 0.115252 0.115328
167 0.115257 0.117125 0.116271 0.115524 0.117493 0.117603 0.116675 0.115881 0.115172 0.115247
168 0.115177 0.11702 0.116177 0.11544 0.117382 0.117491 0.116576 0.115793 0.115093 0.115167
169 0.115098 0.116916 0.116085 0.115358 0.117274 0.117381 0.116479 0.115706 0.115015 0.115088
170 0.115019 0.116814 0.115994 0.115276 0.117167 0.117272 0.116382 0.11562 0.114938 0.11501
171 0.114942 0.116713 0.115904 0.115196 0.117061 0.117165 0.116288 0.115535 0.114862 0.114933
172 0.114866 0.116614 0.115816 0.115116 0.116957 0.117059 0.116194 0.115451 0.114786 0.114856
173 0.11479 0.116516 0.115728 0.115038 0.116854 0.116955 0.116102 0.115369 0.114712 0.114781
174 0.114716 0.116419 0.115642 0.11496 0.116753 0.116852 0.11601 0.115287 0.114638 0.114707
175 0.114643 0.116324 0.115557 0.114884 0.116653 0.116751 0.11592 0.115206 0.114566 0.114633
176 0.11457 0.116229 0.115473 0.114808 0.116554 0.116651 0.115832 0.115127 0.114494 0.114561
177 0.114498 0.116137 0.11539 0.114734 0.116457 0.116553 0.115744 0.115048 0.114423 0.114489
178 0.114427 0.116045 0.115308 0.11466 0.116361 0.116455 0.115658 0.114971 0.114353 0.114419
179 0.114357 0.115955 0.115227 0.114587 0.116266 0.116359 0.115572 0.114894 0.114284 0.114349
180 0.114288 0.115865 0.115147 0.114515 0.116173 0.116265 0.115488 0.114818 0.114216 0.11428
181 0.11422 0.115777 0.115068 0.114444 0.116081 0.116172 0.115405 0.114744 0.114148 0.114211
182 0.114152 0.11569 0.114991 0.114374 0.11599 0.116079 0.115323 0.11467 0.114082 0.114144
183 0.114086 0.115605 0.114914 0.114304 0.1159 0.115989 0.115242 0.114597 0.114016 0.114077
184 0.11402 0.11552 0.114838 0.114236 0.115812 0.115899 0.115162 0.114525 0.113951 0.114011
185 0.113954 0.115436 0.114763 0.114168 0.115724 0.11581 0.115083 0.114454 0.113886 0.113946
186 0.11389 0.115354 0.114689 0.114101 0.115638 0.115723 0.115005 0.114383 0.113823 0.113882
187 0.113826 0.115272 0.114616 0.114035 0.115553 0.115637 0.114928 0.114314 0.11376 0.113818
188 0.113763 0.115192 0.114543 0.11397 0.115469 0.115552 0.114851 0.114245 0.113698 0.113755
189 0.113701 0.115113 0.114472 0.113905 0.115386 0.115468 0.114776 0.114177 0.113636 0.113693
190 0.11364 0.115034 0.114401 0.113841 0.115304 0.115385 0.114702 0.11411 0.113575 0.113632
191 0.113579 0.114957 0.114332 0.113778 0.115223 0.115303 0.114629 0.114044 0.113515 0.113571
192 0.113519 0.11488 0.114263 0.113716 0.115144 0.115222 0.114556 0.113978 0.113456 0.113511
193 0.113459 0.114805 0.114195 0.113654 0.115065 0.115142 0.114485 0.113914 0.113397 0.113452
194 0.1134 0.11473 0.114127 0.113593 0.114987 0.115064 0.114414 0.11385 0.113339 0.113393
195 0.113342 0.114656 0.114061 0.113533 0.11491 0.114986 0.114344 0.113787 0.113281 0.113335
196 0.113285 0.114584 0.113995 0.113473 0.114834 0.114909 0.114275 0.113724 0.113225 0.113278
197 0.113228 0.114512 0.11393 0.113414 0.114759 0.114833 0.114207 0.113662 0.113168 0.113221
198 0.113172 0.114441 0.113866 0.113356 0.114685 0.114758 0.114139 0.113601 0.113113 0.113165
199 0.113116 0.114371 0.113803 0.113298 0.114612 0.114684 0.114073 0.113541 0.113058 0.113109
200 0.113061 0.114301 0.11374 0.113241 0.11454 0.114611 0.114007 0.113481 0.113004 0.113054
201 0.113007 0.114233 0.113678 0.113185 0.114469 0.114539 0.113942 0.113422 0.11295 0.113
202 0.112953 0.114165 0.113617 0.113129 0.114398 0.114467 0.113878 0.113364 0.112897 0.112946
203 0.1129 0.114098 0.113556 0.113074 0.114328 0.114397 0.113814 0.113306 0.112844 0.112893
204 0.112847 0.114032 0.113496 0.113019 0.11426 0.114327 0.113751 0.113249 0.112792 0.11284
205 0.112795 0.113967 0.113437 0.112966 0.114192 0.114259 0.113689 0.113192 0.11274 0.112788
206 0.112743 0.113902 0.113379 0.112912 0.114124 0.114191 0.113628 0.113137 0.112689 0.112737
207 0.112692 0.113838 0.113321 0.112859 0.114058 0.114123 0.113567 0.113081 0.112639 0.112686
208 0.112642 0.113775 0.113264 0.112807 0.113992 0.114057 0.113507 0.113027 0.112589 0.112636
209 0.112592 0.113713 0.113207 0.112755 0.113927 0.113991 0.113448 0.112973 0.11254 0.112586
210 0.112543 0.113651 0.113151 0.112704 0.113863 0.113926 0.113389 0.112919 0.112491 0.112536
211 0.112494 0.11359 0.113096 0.112654 0.1138 0.113862 0.113331 0.112866 0.112443 0.112488
212 0.112445 0.11353 0.113041 0.112604 0.113737 0.113799 0.113274 0.112814 0.112395 0.112439
213 0.112398 0.11347 0.112987 0.112554 0.113675 0.113736 0.113217 0.112762 0.112347 0.112392
214 0.11235 0.113411 0.112933 0.112505 0.113614 0.113674 0.113161 0.112711 0.112301 0.112344
215 0.112303 0.113353 0.11288 0.112457 0.113554 0.113613 0.113105 0.112661 0.112254 0.112297
216 0.112257 0.113296 0.112828 0.112409 0.113494 0.113553 0.113051 0.11261 0.112208 0.112251
217 0.112211 0.113239 0.112776 0.112361 0.113434 0.113493 0.112996 0.112561 0.112163 0.112205
218 0.112165 0.113182 0.112724 0.112314 0.113376 0.113434 0.112943 0.112512 0.112118 0.11216
219 0.11212 0.113127 0.112674 0.112268 0.113318 0.113375 0.11289 0.112463 0.112073 0.112115
220 0.112076 0.113071 0.112623 0.112222 0.113261 0.113317 0.112837 0.112415 0.112029 0.11207
221 0.112032 0.113017 0.112574 0.112176 0.113204 0.11326 0.112785 0.112368 0.111986 0.112026
222 0.111988 0.112963 0.112524 0.112131 0.113148 0.113203 0.112734 0.112321 0.111942 0.111983
223 0.111945 0.11291 0.112476 0.112086 0.113093 0.113148 0.112683 0.112274 0.1119 0.11194
224 0.111902 0.112857 0.112428 0.112042 0.113038 0.113092 0.112632 0.112228 0.111857 0.111897
225 0.11186 0.112805 0.11238 0.111998 0.112984 0.113037 0.112583 0.112182 0.111815 0.111854
226 0.111818 0.112753 0.112333 0.111955 0.112931 0.112983 0.112533 0.112137 0.111774 0.111813
227 0.111776 0.112702 0.112286 0.111912 0.112878 0.11293 0.112484 0.112092 0.111733 0.111771
228 0.111735 0.112651 0.11224 0.11187 0.112825 0.112877 0.112436 0.112048 0.111692 0.11173
229 0.111694 0.112601 0.112194 0.111828 0.112773 0.112824 0.112388 0.112004 0.111652 0.111689
230 0.111654 0.112552 0.112149 0.111786 0.112722 0.112773 0.112341 0.111961 0.111612 0.111649
231 0.111614 0.112503 0.112104 0.111745 0.112671 0.112721 0.112294 0.111918 0.111572 0.111609
232 0.111574 0.112454 0.112059 0.111704 0.112621 0.11267 0.112248 0.111875 0.111533 0.11157
233 0.111535 0.112407 0.112015 0.111663 0.112571 0.11262 0.112202 0.111833 0.111494 0.11153
234 0.111496 0.112359 0.111972 0.111623 0.112522 0.112571 0.112157 0.111792 0.111456 0.111492
235 0.111458 0.112312 0.111929 0.111584 0.112473 0.112521 0.112112 0.11175 0.111418 0.111453
236 0.11142 0.112266 0.111886 0.111544 0.112425 0.112473 0.112067 0.111709 0.11138 0.111415
237 0.111382 0.11222 0.111844 0.111506 0.112378 0.112425 0.112023 0.111669 0.111343 0.111377
238 0.111345 0.112174 0.111802 0.111467 0.11233 0.112377 0.11198 0.111629 0.111306 0.11134
239 0.111308 0.112129 0.111761 0.111429 0.112284 0.11233 0.111937 0.111589 0.111269 0.111303
240 0.111271 0.112084 0.11172 0.111391 0.112238 0.112283 0.111894 0.11155 0.111233 0.111267
241 0.111235 0.11204 0.111679 0.111354 0.112192 0.112237 0.111852 0.111511 0.111197 0.11123
242 0.111199 0.111996 0.111639 0.111316 0.112147 0.112191 0.11181 0.111472 0.111161 0.111194
243 0.111163 0.111953 0.111599 0.11128 0.112102 0.112146 0.111768 0.111434 0.111126 0.111159
244 0.111128 0.11191 0.11156 0.111243 0.112057 0.112101 0.111727 0.111396 0.111091 0.111123
245 0.111093 0.111868 0.111521 0.111207 0.112013 0.112057 0.111687 0.111359 0.111056 0.111088
246 0.111058 0.111826 0.111482 0.111171 0.11197 0.112013 0.111646 0.111321 0.111022 0.111054
247 0.111024 0.111784 0.111444 0.111136 0.111927 0.111969 0.111606 0.111285 0.110988 0.111019
248 0.11099 0.111743 0.111406 0.111101 0.111884 0.111926 0.111567 0.111248 0.110954 0.110985
249 0.110956 0.111702 0.111368 0.111066 0.111842 0.111884 0.111528 0.111212 0.11092 0.110952
250 0.110922 0.111662 0.111331 0.111032 0.1118 0.111841 0.111489 0.111176 0.110887 0.110918
251 0.110889 0.111622 0.111294 0.110998 0.111759 0.1118 0.111451 0.111141 0.110854 0.110885
252 0.110856 0.111582 0.111258 0.110964 0.111718 0.111758 0.111413 0.111106 0.110822 0.110852
253 0.110824 0.111543 0.111221 0.11093 0.111677 0.111717 0.111375 0.111071 0.11079 0.11082
254 0.110791 0.111504 0.111185 0.110897 0.111637 0.111677 0.111338 0.111036 0.110758 0.110787
255 0.110759 0.111465 0.11115 0.110864 0.111597 0.111637 0.111301 0.111002 0.110726 0.110756
256 0.110728 0.111427 0.111115 0.110831 0.111558 0.111597 0.111264 0.110968 0.110695 0.110724
257 0.110696 0.111389 0.11108 0.110799 0.111519 0.111557 0.111228 0.110935 0.110663 0.110692
258 0.110665 0.111352 0.111045 0.110767 0.11148 0.111518 0.111192 0.110901 0.110633 0.110661
259 0.110634 0.111315 0.111011 0.110735 0.111442 0.11148 0.111156 0.110868 0.110602 0.11063
260 0.110604 0.111278 0.110977 0.110704 0.111404 0.111441 0.111121 0.110836 0.110572 0.1106
261 0.110573 0.111242 0.110943 0.110673 0.111366 0.111403 0.111086 0.110803 0.110542 0.11057
262 0.110543 0.111206 0.11091 0.110642 0.111329 0.111366 0.111051 0.110771 0.110512 0.11054
263 0.110513 0.11117 0.110877 0.110611 0.111292 0.111329 0.111017 0.110739 0.110482 0.11051
264 0.110484 0.111134 0.110844 0.11058 0.111256 0.111292 0.110983 0.110708 0.110453 0.11048
265 0.110455 0.111099 0.110812 0.11055 0.11122 0.111255 0.110949 0.110677 0.110424 0.110451
266 0.110425 0.111065 0.11078 0.11052 0.111184 0.111219 0.110916 0.110646 0.110395 0.110422
267 0.110397 0.11103 0.110748 0.110491 0.111148 0.111183 0.110883 0.110615 0.110366 0.110393
268 0.110368 0.110996 0.110716 0.110461 0.111113 0.111148 0.11085 0.110585 0.110338 0.110364
269 0.11034 0.110962 0.110685 0.110432 0.111078 0.111112 0.110818 0.110554 0.11031 0.110336
270 0.110312 0.110929 0.110654 0.110403 0.111044 0.111078 0.110785 0.110524 0.110282 0.110308
271 0.110284 0.110895 0.110623 0.110375 0.111009 0.111043 0.110753 0.110495 0.110255 0.11028
272 0.110256 0.110863 0.110592 0.110346 0.110975 0.111009 0.110722 0.110465 0.110227 0.110253
273 0.110229 0.11083 0.110562 0.110318 0.110942 0.110975 0.11069 0.110436 0.1102 0.110225
274 0.110202 0.110798 0.110532 0.11029 0.110908 0.110941 0.110659 0.110407 0.110173 0.110198
275 0.110175 0.110766 0.110502 0.110263 0.110875 0.110908 0.110628 0.110379 0.110146 0.110171
276 0.110148 0.110734 0.110473 0.110235 0.110843 0.110875 0.110598 0.11035 0.11012 0.110145
277 0.110121 0.110702 0.110444 0.110208 0.11081 0.110842 0.110568 0.110322 0.110094 0.110118
278 0.110095 0.110671 0.110415 0.110181 0.110778 0.11081 0.110538 0.110294 0.110067 0.110092
279 0.110069 0.11064 0.110386 0.110154 0.110746 0.110778 0.110508 0.110266 0.110042 0.110066
280 0.110043 0.110609 0.110357 0.110128 0.110715 0.110746 0.110478 0.110239 0.110016 0.11004
281 0.110017 0.110579 0.110329 0.110101 0.110683 0.110714 0.110449 0.110212 0.109991 0.110014
282 0.109992 0.110549 0.110301 0.110075 0.110652 0.110683 0.11042 0.110185 0.109965 0.109989
283 0.109967 0.110519 0.110273 0.110049 0.110621 0.110652 0.110391 0.110158 0.10994 0.109964
284 0.109942 0.110489 0.110246 0.110023 0.110591 0.110621 0.110363 0.110131 0.109915 0.109939
285 0.109917 0.11046 0.110219 0.109998 0.110561 0.11059 0.110334 0.110105 0.109891 0.109914
286 0.109892 0.110431 0.110191 0.109973 0.110531 0.11056 0.110306 0.110079 0.109866 0.109889
287 0.109868 0.110402 0.110165 0.109948 0.110501 0.11053 0.110278 0.110053 0.109842 0.109865
288 0.109844 0.110373 0.110138 0.109923 0.110472 0.110501 0.110251 0.110027 0.109818 0.109841
289 0.109819 0.110345 0.110112 0.109898 0.110442 0.110471 0.110223 0.110001 0.109794 0.109816
290 0.109796 0.110317 0.110085 0.109874 0.110413 0.110442 0.110196 0.109976 0.109771 0.109793
291 0.109772 0.110289 0.110059 0.109849 0.110385 0.110413 0.110169 0.109951 0.109747 0.109769
292 0.109748 0.110261 0.110034 0.109825 0.110356 0.110384 0.110143 0.109926 0.109724 0.109746
293 0.109725 0.110234 0.110008 0.109801 0.110328 0.110356 0.110116 0.109901 0.109701 0.109722
294 0.109702 0.110207 0.109983 0.109778 0.1103 0.110327 0.11009 0.109877 0.109678 0.109699
295 0.109679 0.11018 0.109957 0.109754 0.110272 0.110299 0.110064 0.109853 0.109655 0.109676
296 0.109656 0.110153 0.109932 0.109731 0.110245 0.110272 0.110038 0.109828 0.109632 0.109653
297 0.109634 0.110126 0.109908 0.109707 0.110217 0.110244 0.110013 0.109804 0.10961 0.109631
298 0.109611 0.1101 0.109883 0.109684 0.11019 0.110217 0.109987 0.109781 0.109588 0.109608
299 0.109589 0.110074 0.109859 0.109662 0.110163 0.11019 0.109962 0.109757 0.109566 0.109586
300 0.109567 0.110048 0.109835 0.109639 0.110137 0.110163 0.109937 0.109734 0.109544 0.109564
301 0.109545 0.110022 0.109811 0.109617 0.11011 0.110136 0.109912 0.109711 0.109522 0.109542
302 0.109523 0.109997 0.109787 0.109594 0.110084 0.11011 0.109888 0.109688 0.1095 0.109521
303 0.109502 0.109972 0.109763 0.109572 0.110058 0.110084 0.109863 0.109665 0.109479 0.109499
304 0.10948 0.109946 0.10974 0.10955 0.110032 0.110058 0.109839 0.109642 0.109458 0.109478
305 0.109459 0.109922 0.109716 0.109528 0.110007 0.110032 0.109815 0.10962 0.109437 0.109456
306 0.109438 0.109897 0.109693 0.109507 0.109981 0.110006 0.109791 0.109597 0.109416 0.109435
307 0.109417 0.109872 0.109671 0.109485 0.109956 0.109981 0.109767 0.109575 0.109395 0.109414
308 0.109396 0.109848 0.109648 0.109464 0.109931 0.109956 0.109744 0.109553 0.109374 0.109394
309 0.109376 0.109824 0.109625 0.109443 0.109907 0.109931 0.109721 0.109531 0.109354 0.109373
310 0.109355 0.1098 0.109603 0.109422 0.109882 0.109906 0.109698 0.10951 0.109334 0.109353
311 0.109335 0.109776 0.109581 0.109401 0.109858 0.109882 0.109675 0.109488 0.109313 0.109332
312 0.109315 0.109753 0.109559 0.10938 0.109833 0.109857 0.109652 0.109467 0.109293 0.109312
313 0.109295 0.10973 0.109537 0.10936 0.109809 0.109833 0.109629 0.109446 0.109274 0.109292
314 0.109275 0.109706 0.109515 0.10934 0.109786 0.109809 0.109607 0.109425 0.109254 0.109272
315 0.109255 0.109683 0.109494 0.109319 0.109762 0.109785 0.109585 0.109404 0.109234 0.109253
316 0.109235 0.109661 0.109472 0.109299 0.109739 0.109762 0.109563 0.109383 0.109215 0.109233
317 0.109216 0.109638 0.109451 0.109279 0.109715 0.109738 0.109541 0.109363 0.109196 0.109214
318 0.109197 0.109615 0.10943 0.10926 0.109692 0.109715 0.109519 0.109342 0.109176 0.109194
319 0.109177 0.109593 0.109409 0.10924 0.109669 0.109692 0.109498 0.109322 0.109157 0.109175
320 0.109158 0.109571 0.109388 0.109221 0.109647 0.109669 0.109476 0.109302 0.109138 0.109156
321 0.10914 0.109549 0.109368 0.109201 0.109624 0.109646 0.109455 0.109282 0.10912 0.109137
322 0.109121 0.109527 0.109348 0.109182 0.109602 0.109624 0.109434 0.109262 0.109101 0.109118
323 0.109102 0.109506 0.109327 0.109163 0.10958 0.109602 0.109413 0.109243 0.109083 0.1091
324 0.109084 0.109484 0.109307 0.109144 0.109558 0.109579 0.109392 0.109223 0.109064 0.109081
325 0.109065 0.109463 0.109287 0.109125 0.109536 0.109557 0.109372 0.109204 0.109046 0.109063
326 0.109047 0.109442 0.109267 0.109107 0.109514 0.109536 0.109351 0.109185 0.109028 0.109045
327 0.109029 0.109421 0.109248 0.109088 0.109493 0.109514 0.109331 0.109165 0.10901 0.109027
328 0.109011 0.1094 0.109228 0.10907 0.109471 0.109492 0.109311 0.109147 0.108992 0.109009
329 0.108993 0.109379 0.109209 0.109051 0.10945 0.109471 0.109291 0.109128 0.108974 0.108991
330 0.108975 0.109359 0.109189 0.109033 0.109429 0.10945 0.109271 0.109109 0.108957 0.108973
331 0.108958 0.109339 0.10917 0.109015 0.109408 0.109429 0.109251 0.109091 0.108939 0.108956
332 0.10894 0.109318 0.109151 0.108997 0.109388 0.109408 0.109232 0.109072 0.108922 0.108938
333 0.108923 0.109298 0.109133 0.10898 0.109367 0.109387 0.109212 0.109054 0.108905 0.108921
334 0.108906 0.109278 0.109114 0.108962 0.109347 0.109367 0.109193 0.109036 0.108888 0.108904
335 0.108889 0.109259 0.109095 0.108945 0.109326 0.109346 0.109174 0.109018 0.108871 0.108887
336 0.108872 0.109239 0.109077 0.108927 0.109306 0.109326 0.109155 0.109 0.108854 0.10887
337 0.108855 0.10922 0.109059 0.10891 0.109286 0.109306 0.109136 0.108982 0.108837 0.108853
338 0.108838 0.1092 0.10904 0.108893 0.109266 0.109286 0.109117 0.108964 0.108821 0.108836
339 0.108821 0.109181 0.109022 0.108876 0.109247 0.109266 0.109099 0.108947 0.108804 0.108819
340 0.108805 0.109162 0.109004 0.108859 0.109227 0.109246 0.10908 0.10893 0.108788 0.108803
341 0.108789 0.109143 0.108987 0.108842 0.109208 0.109227 0.109062 0.108912 0.108771 0.108787
342 0.108772 0.109124 0.108969 0.108825 0.109189 0.109208 0.109044 0.108895 0.108755 0.10877
343 0.108756 0.109106 0.108951 0.108809 0.109169 0.109188 0.109026 0.108878 0.108739 0.108754
344 0.10874 0.109087 0.108934 0.108792 0.109151 0.109169 0.109008 0.108861 0.108723 0.108738
345 0.108724 0.109069 0.108917 0.108776 0.109132 0.10915 0.10899 0.108844 0.108707 0.108722
346 0.108708 0.109051 0.108899 0.10876 0.109113 0.109131 0.108972 0.108828 0.108691 0.108706
347 0.108692 0.109032 0.108882 0.108744 0.109094 0.109113 0.108955 0.108811 0.108676 0.10869
348 0.108677 0.109014 0.108865 0.108728 0.109076 0.109094 0.108937 0.108795 0.10866 0.108675
349 0.108661 0.108997 0.108849 0.108712 0.109058 0.109076 0.10892 0.108778 0.108645 0.108659
350 0.108646 0.108979 0.108832 0.108696 0.10904 0.109057 0.108903 0.108762 0.10863 0.108644
351 0.10863 0.108961 0.108815 0.10868 0.109021 0.109039 0.108885 0.108746 0.108614 0.108628
352 0.108615 0.108944 0.108799 0.108665 0.109004 0.109021 0.108869 0.10873 0.108599 0.108613
353 0.1086 0.108926 0.108782 0.108649 0.108986 0.109003 0.108852 0.108714 0.108584 0.108598
354 0.108585 0.108909 0.108766 0.108634 0.108968 0.108986 0.108835 0.108698 0.108569 0.108583
355 0.10857 0.108892 0.10875 0.108619 0.108951 0.108968 0.108818 0.108683 0.108554 0.108568
356 0.108555 0.108875 0.108734 0.108604 0.108933 0.10895 0.108802 0.108667 0.10854 0.108553
357 0.10854 0.108858 0.108718 0.108588 0.108916 0.108933 0.108785 0.108651 0.108525 0.108539
358 0.108526 0.108841 0.108702 0.108574 0.108899 0.108916 0.108769 0.108636 0.10851 0.108524
359 0.108511 0.108825 0.108687 0.108559 0.108882 0.108898 0.108753 0.108621 0.108496 0.108509
360 0.108497 0.108808 0.108671 0.108544 0.108865 0.108881 0.108737 0.108606 0.108482 0.108495
361 0.108482 0.108792 0.108655 0.108529 0.108848 0.108864 0.108721 0.108591 0.108467 0.108481
362 0.108468 0.108775 0.10864 0.108515 0.108831 0.108848 0.108705 0.108576 0.108453 0.108466
363 0.108454 0.108759 0.108625 0.1085 0.108815 0.108831 0.108689 0.108561 0.108439 0.108452
364 0.10844 0.108743 0.108609 0.108486 0.108798 0.108814 0.108674 0.108546 0.108425 0.108438
365 0.108426 0.108727 0.108594 0.108471 0.108782 0.108798 0.108658 0.108531 0.108411 0.108424
366 0.108412 0.108711 0.108579 0.108457 0.108765 0.108781 0.108643 0.108517 0.108397 0.10841
367 0.108398 0.108695 0.108564 0.108443 0.108749 0.108765 0.108627 0.108502 0.108384 0.108396
368 0.108384 0.10868 0.10855 0.108429 0.108733 0.108749 0.108612 0.108488 0.10837 0.108383
369 0.108371 0.108664 0.108535 0.108415 0.108717 0.108733 0.108597 0.108473 0.108356 0.108369
370 0.108357 0.108649 0.10852 0.108401 0.108702 0.108717 0.108582 0.108459 0.108343 0.108355
371 0.108344 0.108633 0.108506 0.108388 0.108686 0.108701 0.108567 0.108445 0.10833 0.108342
372 0.10833 0.108618 0.108491 0.108374 0.10867 0.108686 0.108552 0.108431 0.108316 0.108329
373 0.108317 0.108603 0.108477 0.10836 0.108655 0.10867 0.108538 0.108417 0.108303 0.108315
374 0.108304 0.108588 0.108463 0.108347 0.108639 0.108654 0.108523 0.108403 0.10829 0.108302
375 0.108291 0.108573 0.108449 0.108333 0.108624 0.108639 0.108508 0.108389 0.108277 0.108289
376 0.108278 0.108558 0.108435 0.10832 0.108609 0.108624 0.108494 0.108376 0.108264 0.108276
377 0.108265 0.108543 0.108421 0.108307 0.108594 0.108609 0.10848 0.108362 0.108251 0.108263
378 0.108252 0.108529 0.108407 0.108294 0.108579 0.108593 0.108465 0.108349 0.108238 0.10825
379 0.108239 0.108514 0.108393 0.108281 0.108564 0.108578 0.108451 0.108335 0.108225 0.108237
380 0.108226 0.108499 0.108379 0.108268 0.108549 0.108564 0.108437 0.108322 0.108213 0.108225
381 0.108213 0.108485 0.108366 0.108255 0.108534 0.108549 0.108423 0.108309 0.1082 0.108212
382 0.108201 0.108471 0.108352 0.108242 0.10852 0.108534 0.108409 0.108295 0.108188 0.108199
383 0.108188 0.108457 0.108339 0.108229 0.108505 0.108519 0.108395 0.108282 0.108175 0.108187
384 0.108176 0.108442 0.108325 0.108216 0.108491 0.108505 0.108382 0.108269 0.108163 0.108174
385 0.108164 0.108428 0.108312 0.108204 0.108476 0.108491 0.108368 0.108256 0.108151 0.108162
386 0.108151 0.108415 0.108299 0.108191 0.108462 0.108476 0.108355 0.108244 0.108138 0.10815
387 0.108139 0.108401 0.108286 0.108179 0.108448 0.108462 0.108341 0.108231 0.108126 0.108138
388 0.108127 0.108387 0.108273 0.108166 0.108434 0.108448 0.108328 0.108218 0.108114 0.108125
389 0.108115 0.108373 0.10826 0.108154 0.10842 0.108434 0.108314 0.108206 0.108102 0.108113
390 0.108103 0.10836 0.108247 0.108142 0.108406 0.10842 0.108301 0.108193 0.10809 0.108101
391 0.108091 0.108346 0.108234 0.10813 0.108392 0.108406 0.108288 0.108181 0.108079 0.10809
392 0.108079 0.108333 0.108221 0.108118 0.108379 0.108392 0.108275 0.108168 0.108067 0.108078
393 0.108067 0.108319 0.108209 0.108106 0.108365 0.108378 0.108262 0.108156 0.108055 0.108066
394 0.108056 0.108306 0.108196 0.108094 0.108351 0.108365 0.108249 0.108144 0.108043 0.108054
395 0.108044 0.108293 0.108184 0.108082 0.108338 0.108351 0.108236 0.108131 0.108032 0.108043
396 0.108033 0.10828 0.108171 0.10807 0.108325 0.108338 0.108224 0.108119 0.10802 0.108031
397 0.108021 0.108267 0.108159 0.108058 0.108311 0.108324 0.108211 0.108107 0.108009 0.10802
398 0.10801 0.108254 0.108147 0.108047 0.108298 0.108311 0.108198 0.108095 0.107998 0.108008
399 0.107998 0.108241 0.108135 0.108035 0.108285 0.108298 0.108186 0.108084 0.107986 0.107997
400 0.107987 0.108229 0.108122 0.108024 0.108272 0.108285 0.108174 0.108072 0.107975 0.107986
401 0.107976 0.108216 0.10811 0.108012 0.108259 0.108272 0.108161 0.10806 0.107964 0.107974
402 0.107965 0.108203 0.108099 0.108001 0.108246 0.108259 0.108149 0.108048 0.107953 0.107963
403 0.107954 0.108191 0.108087 0.10799 0.108234 0.108246 0.108137 0.108037 0.107942 0.107952
404 0.107943 0.108178 0.108075 0.107978 0.108221 0.108233 0.108125 0.108025 0.107931 0.107941
405 0.107932 0.108166 0.108063 0.107967 0.108208 0.108221 0.108113 0.108014 0.10792 0.10793
406 0.107921 0.108154 0.108051 0.107956 0.108196 0.108208 0.108101 0.108002 0.107909 0.107919
407 0.10791 0.108141 0.10804 0.107945 0.108183 0.108195 0.108089 0.107991 0.107898 0.107908
408 0.107899 0.108129 0.108028 0.107934 0.108171 0.108183 0.108077 0.10798 0.107888 0.107898
409 0.107888 0.108117 0.108017 0.107923 0.108158 0.108171 0.108065 0.107969 0.107877 0.107887
410 0.107878 0.108105 0.108005 0.107912 0.108146 0.108158 0.108053 0.107958 0.107867 0.107876
411 0.107867 0.108093 0.107994 0.107902 0.108134 0.108146 0.108042 0.107947 0.107856 0.107866
412 0.107857 0.108081 0.107983 0.107891 0.108122 0.108134 0.10803 0.107936 0.107846 0.107855
413 0.107846 0.10807 0.107972 0.10788 0.10811 0.108122 0.108019 0.107925 0.107835 0.107845
414 0.107836 0.108058 0.10796 0.10787 0.108098 0.10811 0.108007 0.107914 0.107825 0.107834
415 0.107825 0.108046 0.107949 0.107859 0.108086 0.108098 0.107996 0.107903 0.107815 0.107824
416 0.107815 0.108035 0.107938 0.107849 0.108074 0.108086 0.107985 0.107892 0.107804 0.107814
417 0.107805 0.108023 0.107927 0.107838 0.108063 0.108074 0.107974 0.107882 0.107794 0.107804
418 0.107795 0.108012 0.107917 0.107828 0.108051 0.108062 0.107962 0.107871 0.107784 0.107793
419 0.107785 0.108 0.107906 0.107818 0.108039 0.108051 0.107951 0.10786 0.107774 0.107783
420 0.107775 0.107989 0.107895 0.107807 0.108028 0.108039 0.10794 0.10785 0.107764 0.107773
421 0.107765 0.107978 0.107884 0.107797 0.108016 0.108028 0.107929 0.10784 0.107754 0.107763
422 0.107755 0.107967 0.107874 0.107787 0.108005 0.108016 0.107919 0.107829 0.107744 0.107753
423 0.107745 0.107956 0.107863 0.107777 0.107994 0.108005 0.107908 0.107819 0.107734 0.107743
424 0.107735 0.107945 0.107853 0.107767 0.107982 0.107993 0.107897 0.107809 0.107725 0.107734
425 0.107725 0.107934 0.107842 0.107757 0.107971 0.107982 0.107886 0.107798 0.107715 0.107724
426 0.107715 0.107923 0.107832 0.107747 0.10796 0.107971 0.107876 0.107788 0.107705 0.107714
427 0.107706 0.107912 0.107822 0.107737 0.107949 0.10796 0.107865 0.107778 0.107696 0.107705
428 0.107696 0.107901 0.107811 0.107727 0.107938 0.107949 0.107855 0.107768 0.107686 0.107695
429 0.107687 0.10789 0.107801 0.107718 0.107927 0.107938 0.107844 0.107758 0.107677 0.107685
430 0.107677 0.10788 0.107791 0.107708 0.107916 0.107927 0.107834 0.107748 0.107667 0.107676
431 0.107668 0.107869 0.107781 0.107698 0.107905 0.107916 0.107823 0.107739 0.107658 0.107666
432 0.107658 0.107859 0.107771 0.107689 0.107895 0.107905 0.107813 0.107729 0.107648 0.107657
433 0.107649 0.107848 0.107761 0.107679 0.107884 0.107894 0.107803 0.107719 0.107639 0.107648
434 0.10764 0.107838 0.107751 0.10767 0.107873 0.107884 0.107793 0.107709 0.10763 0.107638
435 0.10763 0.107827 0.107741 0.10766 0.107863 0.107873 0.107783 0.1077 0.107621 0.107629
436 0.107621 0.107817 0.107731 0.107651 0.107852 0.107863 0.107773 0.10769 0.107611 0.10762
437 0.107612 0.107807 0.107722 0.107642 0.107842 0.107852 0.107763 0.107681 0.107602 0.107611
438 0.107603 0.107797 0.107712 0.107632 0.107831 0.107842 0.107753 0.107671 0.107593 0.107602
439 0.107594 0.107787 0.107702 0.107623 0.107821 0.107831 0.107743 0.107662 0.107584 0.107593
440 0.107585 0.107776 0.107693 0.107614 0.107811 0.107821 0.107733 0.107652 0.107575 0.107584
441 0.107576 0.107766 0.107683 0.107605 0.107801 0.107811 0.107723 0.107643 0.107566 0.107575
442 0.107567 0.107756 0.107674 0.107596 0.10779 0.1078 0.107714 0.107634 0.107558 0.107566
443 0.107558 0.107747 0.107664 0.107587 0.10778 0.10779 0.107704 0.107625 0.107549 0.107557
444 0.107549 0.107737 0.107655 0.107578 0.10777 0.10778 0.107694 0.107615 0.10754 0.107548
445 0.107541 0.107727 0.107645 0.107569 0.10776 0.10777 0.107685 0.107606 0.107531 0.107539
446 0.107532 0.107717 0.107636 0.10756 0.10775 0.10776 0.107675 0.107597 0.107523 0.107531
447 0.107523 0.107708 0.107627 0.107551 0.107741 0.10775 0.107666 0.107588 0.107514 0.107522
448 0.107515 0.107698 0.107618 0.107543 0.107731 0.10774 0.107656 0.107579 0.107506 0.107513
449 0.107506 0.107688 0.107609 0.107534 0.107721 0.107731 0.107647 0.10757 0.107497 0.107505
450 0.107497 0.107679 0.1076 0.107525 0.107711 0.107721 0.107638 0.107561 0.107488 0.107496
451 0.107489 0.107669 0.10759 0.107517 0.107702 0.107711 0.107629 0.107553 0.10748 0.107488
452 0.107481 0.10766 0.107581 0.107508 0.107692 0.107702 0.107619 0.107544 0.107472 0.107479
453 0.107472 0.107651 0.107573 0.107499 0.107683 0.107692 0.10761 0.107535 0.107463 0.107471
454 0.107464 0.107641 0.107564 0.107491 0.107673 0.107682 0.107601 0.107526 0.107455 0.107463
455 0.107455 0.107632 0.107555 0.107483 0.107664 0.107673 0.107592 0.107518 0.107447 0.107454
456 0.107447 0.107623 0.107546 0.107474 0.107654 0.107664 0.107583 0.107509 0.107439 0.107446
457 0.107439 0.107614 0.107537 0.107466 0.107645 0.107654 0.107574 0.107501 0.10743 0.107438
458 0.107431 0.107605 0.107529 0.107457 0.107636 0.107645 0.107565 0.107492 0.107422 0.10743
459 0.107423 0.107596 0.10752 0.107449 0.107626 0.107636 0.107556 0.107484 0.107414 0.107422
460 0.107415 0.107587 0.107511 0.107441 0.107617 0.107626 0.107548 0.107475 0.107406 0.107414
461 0.107407 0.107578 0.107503 0.107433 0.107608 0.107617 0.107539 0.107467 0.107398 0.107406
462 0.107399 0.107569 0.107494 0.107425 0.107599 0.107608 0.10753 0.107459 0.10739 0.107398
463 0.107391 0.10756 0.107486 0.107417 0.10759 0.107599 0.107522 0.10745 0.107382 0.10739
464 0.107383 0.107551 0.107477 0.107408 0.107581 0.10759 0.107513 0.107442 0.107374 0.107382
465 0.107375 0.107542 0.107469 0.1074 0.107572 0.107581 0.107504 0.107434 0.107367 0.107374
466 0.107367 0.107533 0.107461 0.107392 0.107563 0.107572 0.107496 0.107426 0.107359 0.107366
467 0.107359 0.107525 0.107452 0.107385 0.107554 0.107563 0.107487 0.107418 0.107351 0.107358
468 0.107351 0.107516 0.107444 0.107377 0.107546 0.107554 0.107479 0.10741 0.107343 0.10735
469 0.107344 0.107508 0.107436 0.107369 0.107537 0.107546 0.107471 0.107402 0.107336 0.107343
470 0.107336 0.107499 0.107428 0.107361 0.107528 0.107537 0.107462 0.107394 0.107328 0.107335
471 0.107328 0.107491 0.10742 0.107353 0.10752 0.107528 0.107454 0.107386 0.10732 0.107327
472 0.107321 0.107482 0.107412 0.107345 0.107511 0.107519 0.107446 0.107378 0.107313 0.10732
473 0.107313 0.107474 0.107404 0.107338 0.107502 0.107511 0.107437 0.10737 0.107305 0.107312
474 0.107306 0.107465 0.107396 0.10733 0.107494 0.107502 0.107429 0.107362 0.107298 0.107305
475 0.107298 0.107457 0.107388 0.107323 0.107485 0.107494 0.107421 0.107354 0.10729 0.107297
476 0.107291 0.107449 0.10738 0.107315 0.107477 0.107485 0.107413 0.107347 0.107283 0.10729
477 0.107283 0.107441 0.107372 0.107307 0.107469 0.107477 0.107405 0.107339 0.107275 0.107282
478 0.107276 0.107432 0.107364 0.1073 0.10746 0.107469 0.107397 0.107331 0.107268 0.107275
479 0.107269 0.107424 0.107356 0.107292 0.107452 0.10746 0.107389 0.107324 0.107261 0.107268
480 0.107261 0.107416 0.107349 0.107285 0.107444 0.107452 0.107381 0.107316 0.107254 0.10726
481 0.107254 0.107408 0.107341 0.107278 0.107436 0.107444 0.107373 0.107308 0.107246 0.107253
482 0.107247 0.1074 0.107333 0.10727 0.107427 0.107435 0.107365 0.107301 0.107239 0.107246
483 0.10724 0.107392 0.107325 0.107263 0.107419 0.107427 0.107358 0.107293 0.107232 0.107239
484 0.107232 0.107384 0.107318 0.107256 0.107411 0.107419 0.10735 0.107286 0.107225 0.107232
485 0.107225 0.107376 0.10731 0.107248 0.107403 0.107411 0.107342 0.107279 0.107218 0.107224
486 0.107218 0.107368 0.107303 0.107241 0.107395 0.107403 0.107335 0.107271 0.107211 0.107217
487 0.107211 0.107361 0.107295 0.107234 0.107387 0.107395 0.107327 0.107264 0.107204 0.10721
488 0.107204 0.107353 0.107288 0.107227 0.107379 0.107387 0.107319 0.107257 0.107197 0.107203
489 0.107197 0.107345 0.107281 0.10722 0.107372 0.107379 0.107312 0.107249 0.10719 0.107196
490 0.10719 0.107337 0.107273 0.107213 0.107364 0.107371 0.107304 0.107242 0.107183 0.107189
491 0.107183 0.10733 0.107266 0.107206 0.107356 0.107364 0.107297 0.107235 0.107176 0.107182
492 0.107176 0.107322 0.107259 0.107199 0.107348 0.107356 0.107289 0.107228 0.107169 0.107176
493 0.10717 0.107315 0.107251 0.107192 0.10734 0.107348 0.107282 0.107221 0.107162 0.107169
494 0.107163 0.107307 0.107244 0.107185 0.107333 0.10734 0.107274 0.107214 0.107156 0.107162
495 0.107156 0.1073 0.107237 0.107178 0.107325 0.107333 0.107267 0.107207 0.107149 0.107155
496 0.107149 0.107292 0.10723 0.107171 0.107318 0.107325 0.10726 0.1072 0.107142 0.107148
497 0.107142 0.107285 0.107223 0.107164 0.10731 0.107317 0.107253 0.107193 0.107135 0.107142
498 0.107136 0.107277 0.107216 0.107158 0.107302 0.10731 0.107245 0.107186 0.107129 0.107135
499 0.107129 0.10727 0.107209 0.107151 0.107295 0.107302 0.107238 0.107179 0.107122 0.107128
500 0.107123 0.107263 0.107202 0.107144 0.107288 0.107295 0.107231 0.107172 0.107116 0.107122
501 0.107116 0.107255 0.107195 0.107137 0.10728 0.107287 0.107224 0.107165 0.107109 0.107115
502 0.107109 0.107248 0.107188 0.107131 0.107273 0.10728 0.107217 0.107158 0.107103 0.107109
503 0.107103 0.107241 0.107181 0.107124 0.107266 0.107273 0.10721 0.107152 0.107096 0.107102
504 0.107096 0.107234 0.107174 0.107118 0.107258 0.107265 0.107203 0.107145 0.10709 0.107096
505 0.10709 0.107227 0.107167 0.107111 0.107251 0.107258 0.107196 0.107138 0.107083 0.107089
506 0.107083 0.10722 0.10716 0.107104 0.107244 0.107251 0.107189 0.107132 0.107077 0.107083
507 0.107077 0.107212 0.107153 0.107098 0.107237 0.107244 0.107182 0.107125 0.10707 0.107076
508 0.107071 0.107205 0.107147 0.107091 0.107229 0.107236 0.107175 0.107118 0.107064 0.10707
509 0.107064 0.107198 0.10714 0.107085 0.107222 0.107229 0.107168 0.107112 0.107058 0.107064
510 0.107058 0.107192 0.107133 0.107079 0.107215 0.107222 0.107161 0.107105 0.107051 0.107057
511 0.107052 0.107185 0.107127 0.107072 0.107208 0.107215 0.107155 0.107099 0.107045 0.107051
512 0.107046 0.107178 0.10712 0.107066 0.107201 0.107208 0.107148 0.107092 0.107039 0.107045
513 0.107039 0.107171 0.107114 0.10706 0.107194 0.107201 0.107141 0.107086 0.107033 0.107039
514 0.107033 0.107164 0.107107 0.107053 0.107187 0.107194 0.107135 0.107079 0.107027 0.107032
515 0.107027 0.107157 0.1071 0.107047 0.10718 0.107187 0.107128 0.107073 0.107021 0.107026
516 0.107021 0.10715 0.107094 0.107041 0.107174 0.10718 0.107121 0.107067 0.107014 0.10702
517 0.107015 0.107144 0.107088 0.107035 0.107167 0.107173 0.107115 0.10706 0.107008 0.107014
518 0.107009 0.107137 0.107081 0.107028 0.10716 0.107167 0.107108 0.107054 0.107002 0.107008
519 0.107003 0.10713 0.107075 0.107022 0.107153 0.10716 0.107102 0.107048 0.106996 0.107002
520 0.106997 0.107124 0.107068 0.107016 0.107146 0.107153 0.107095 0.107042 0.10699 0.106996
521 0.106991 0.107117 0.107062 0.10701 0.10714 0.107146 0.107089 0.107035 0.106984 0.10699
522 0.106985 0.107111 0.107056 0.107004 0.107133 0.10714 0.107082 0.107029 0.106978 0.106984
523 0.106979 0.107104 0.107049 0.106998 0.107126 0.107133 0.107076 0.107023 0.106973 0.106978
524 0.106973 0.107098 0.107043 0.106992 0.10712 0.107126 0.10707 0.107017 0.106967 0.106972
525 0.106967 0.107091 0.107037 0.106986 0.107113 0.10712 0.107063 0.107011 0.106961 0.106966
526 0.106961 0.107085 0.107031 0.10698 0.107107 0.107113 0.107057 0.107005 0.106955 0.10696
527 0.106955 0.107078 0.107025 0.106974 0.1071 0.107107 0.107051 0.106999 0.106949 0.106955
528 0.106949 0.107072 0.107019 0.106968 0.107094 0.1071 0.107044 0.106993 0.106943 0.106949
529 0.106944 0.107066 0.107013 0.106962 0.107087 0.107094 0.107038 0.106987 0.106938 0.106943
530 0.106938 0.107059 0.107006 0.106957 0.107081 0.107087 0.107032 0.106981 0.106932 0.106937
531 0.106932 0.107053 0.107 0.106951 0.107074 0.107081 0.107026 0.106975 0.106926 0.106932
532 0.106927 0.107047 0.106994 0.106945 0.107068 0.107074 0.10702 0.106969 0.106921 0.106926
533 0.106921 0.107041 0.106988 0.106939 0.107062 0.107068 0.107014 0.106963 0.106915 0.10692
534 0.106915 0.107034 0.106982 0.106934 0.107055 0.107062 0.107008 0.106957 0.106909 0.106915
535 0.10691 0.107028 0.106977 0.106928 0.107049 0.107055 0.107001 0.106952 0.106904 0.106909
536 0.106904 0.107022 0.106971 0.106922 0.107043 0.107049 0.106995 0.106946 0.106898 0.106903
537 0.106898 0.107016 0.106965 0.106917 0.107037 0.107043 0.106989 0.10694 0.106893 0.106898
538 0.106893 0.10701 0.106959 0.106911 0.107031 0.107037 0.106984 0.106934 0.106887 0.106892
539 0.106887 0.107004 0.106953 0.106905 0.107024 0.10703 0.106978 0.106929 0.106882 0.106887
540 0.106882 0.106998 0.106947 0.1069 0.107018 0.107024 0.106972 0.106923 0.106876 0.106881
541 0.106876 0.106992 0.106942 0.106894 0.107012 0.107018 0.106966 0.106917 0.106871 0.106876
542 0.106871 0.106986 0.106936 0.106889 0.107006 0.107012 0.10696 0.106912 0.106865 0.10687
543 0.106866 0.10698 0.10693 0.106883 0.107 0.107006 0.106954 0.106906 0.10686 0.106865
544 0.10686 0.106974 0.106924 0.106878 0.106994 0.107 0.106948 0.106901 0.106855 0.10686
545 0.106855 0.106968 0.106919 0.106872 0.106988 0.106994 0.106943 0.106895 0.106849 0.106854
546 0.10685 0.106962 0.106913 0.106867 0.106982 0.106988 0.106937 0.106889 0.106844 0.106849
547 0.106844 0.106956 0.106908 0.106862 0.106976 0.106982 0.106931 0.106884 0.106839 0.106844
548 0.106839 0.106951 0.106902 0.106856 0.10697 0.106976 0.106925 0.106879 0.106833 0.106838
549 0.106834 0.106945 0.106896 0.106851 0.106965 0.10697 0.10692 0.106873 0.106828 0.106833
550 0.106828 0.106939 0.106891 0.106845 0.106959 0.106964 0.106914 0.106868 0.106823 0.106828
551 0.106823 0.106933 0.106885 0.10684 0.106953 0.106959 0.106909 0.106862 0.106818 0.106823
552 0.106818 0.106928 0.10688 0.106835 0.106947 0.106953 0.106903 0.106857 0.106813 0.106817
553 0.106813 0.106922 0.106874 0.10683 0.106941 0.106947 0.106897 0.106852 0.106807 0.106812
554 0.106808 0.106916 0.106869 0.106824 0.106936 0.106941 0.106892 0.106846 0.106802 0.106807
555 0.106803 0.106911 0.106864 0.106819 0.10693 0.106935 0.106886 0.106841 0.106797 0.106802
556 0.106797 0.106905 0.106858 0.106814 0.106924 0.10693 0.106881 0.106836 0.106792 0.106797
557 0.106792 0.1069 0.106853 0.106809 0.106919 0.106924 0.106875 0.10683 0.106787 0.106792
558 0.106787 0.106894 0.106848 0.106804 0.106913 0.106918 0.10687 0.106825 0.106782 0.106787
559 0.106782 0.106888 0.106842 0.106799 0.106907 0.106913 0.106865 0.10682 0.106777 0.106782
560 0.106777 0.106883 0.106837 0.106794 0.106902 0.106907 0.106859 0.106815 0.106772 0.106777
561 0.106772 0.106878 0.106832 0.106788 0.106896 0.106902 0.106854 0.10681 0.106767 0.106772
562 0.106767 0.106872 0.106826 0.106783 0.106891 0.106896 0.106849 0.106804 0.106762 0.106767
563 0.106762 0.106867 0.106821 0.106778 0.106885 0.106891 0.106843 0.106799 0.106757 0.106762
564 0.106757 0.106861 0.106816 0.106773 0.10688 0.106885 0.106838 0.106794 0.106752 0.106757
565 0.106752 0.106856 0.106811 0.106768 0.106874 0.10688 0.106833 0.106789 0.106747 0.106752
566 0.106748 0.106851 0.106806 0.106763 0.106869 0.106874 0.106827 0.106784 0.106742 0.106747
567 0.106743 0.106845 0.106801 0.106758 0.106863 0.106869 0.106822 0.106779 0.106738 0.106742
568 0.106738 0.10684 0.106796 0.106754 0.106858 0.106863 0.106817 0.106774 0.106733 0.106737
569 0.106733 0.106835 0.10679 0.106749 0.106853 0.106858 0.106812 0.106769 0.106728 0.106732
570 0.106728 0.106829 0.106785 0.106744 0.106847 0.106853 0.106807 0.106764 0.106723 0.106728
571 0.106723 0.106824 0.10678 0.106739 0.106842 0.106847 0.106802 0.106759 0.106718 0.106723
572 0.106719 0.106819 0.106775 0.106734 0.106837 0.106842 0.106796 0.106754 0.106714 0.106718
573 0.106714 0.106814 0.10677 0.106729 0.106831 0.106837 0.106791 0.106749 0.106709 0.106713
574 0.106709 0.106809 0.106765 0.106724 0.106826 0.106831 0.106786 0.106744 0.106704 0.106709
575 0.106704 0.106803 0.10676 0.10672 0.106821 0.106826 0.106781 0.10674 0.106699 0.106704
576 0.1067 0.106798 0.106755 0.106715 0.106816 0.106821 0.106776 0.106735 0.106695 0.106699
577 0.106695 0.106793 0.106751 0.10671 0.106811 0.106816 0.106771 0.10673 0.10669 0.106694
578 0.10669 0.106788 0.106746 0.106706 0.106805 0.106811 0.106766 0.106725 0.106686 0.10669
579 0.106686 0.106783 0.106741 0.106701 0.1068 0.106805 0.106761 0.10672 0.106681 0.106685
580 0.106681 0.106778 0.106736 0.106696 0.106795 0.1068 0.106756 0.106716 0.106676 0.106681
581 0.106677 0.106773 0.106731 0.106692 0.10679 0.106795 0.106751 0.106711 0.106672 0.106676
582 0.106672 0.106768 0.106726 0.106687 0.106785 0.10679 0.106747 0.106706 0.106667 0.106671
583 0.106667 0.106763 0.106722 0.106682 0.10678 0.106785 0.106742 0.106701 0.106663 0.106667
584 0.106663 0.106758 0.106717 0.106678 0.106775 0.10678 0.106737 0.106697 0.106658 0.106662
585 0.106658 0.106753 0.106712 0.106673 0.10677 0.106775 0.106732 0.106692 0.106654 0.106658
586 0.106654 0.106748 0.106707 0.106669 0.106765 0.10677 0.106727 0.106688 0.106649 0.106653
587 0.106649 0.106744 0.106703 0.106664 0.10676 0.106765 0.106722 0.106683 0.106645 0.106649
588 0.106645 0.106739 0.106698 0.10666 0.106755 0.10676 0.106718 0.106678 0.10664 0.106644
589 0.106641 0.106734 0.106693 0.106655 0.10675 0.106755 0.106713 0.106674 0.106636 0.10664
590 0.106636 0.106729 0.106689 0.106651 0.106745 0.10675 0.106708 0.106669 0.106632 0.106636
591 0.106632 0.106724 0.106684 0.106646 0.106741 0.106745 0.106704 0.106665 0.106627 0.106631
592 0.106627 0.10672 0.106679 0.106642 0.106736 0.106741 0.106699 0.10666 0.106623 0.106627
593 0.106623 0.106715 0.106675 0.106637 0.106731 0.106736 0.106694 0.106656 0.106618 0.106623
594 0.106619 0.10671 0.10667 0.106633 0.106726 0.106731 0.10669 0.106651 0.106614 0.106618
595 0.106614 0.106705 0.106666 0.106628 0.106721 0.106726 0.106685 0.106647 0.10661 0.106614
596 0.10661 0.106701 0.106661 0.106624 0.106717 0.106721 0.10668 0.106642 0.106606 0.10661
597 0.106606 0.106696 0.106657 0.10662 0.106712 0.106717 0.106676 0.106638 0.106601 0.106605
598 0.106602 0.106691 0.106652 0.106615 0.106707 0.106712 0.106671 0.106633 0.106597 0.106601
599 0.106597 0.106687 0.106648 0.106611 0.106702 0.106707 0.106667 0.106629 0.106593 0.106597
600 0.106593 0.106682 0.106643 0.106607 0.106698 0.106702 0.106662 0.106625 0.106589 0.106592
601 0.106589 0.106677 0.106639 0.106603 0.106693 0.106698 0.106658 0.10662 0.106584 0.106588
602 0.106585 0.106673 0.106635 0.106598 0.106688 0.106693 0.106653 0.106616 0.10658 0.106584
603 0.10658 0.106668 0.10663 0.106594 0.106684 0.106688 0.106649 0.106612 0.106576 0.10658
604 0.106576 0.106664 0.106626 0.10659 0.106679 0.106684 0.106644 0.106607 0.106572 0.106576
605 0.106572 0.106659 0.106621 0.106586 0.106675 0.106679 0.10664 0.106603 0.106568 0.106572
606 0.106568 0.106655 0.106617 0.106581 0.10667 0.106675 0.106635 0.106599 0.106564 0.106567
607 0.106564 0.10665 0.106613 0.106577 0.106666 0.10667 0.106631 0.106595 0.10656 0.106563
608 0.10656 0.106646 0.106608 0.106573 0.106661 0.106666 0.106627 0.10659 0.106555 0.106559
609 0.106556 0.106641 0.106604 0.106569 0.106657 0.106661 0.106622 0.106586 0.106551 0.106555
610 0.106552 0.106637 0.1066 0.106565 0.106652 0.106657 0.106618 0.106582 0.106547 0.106551
611 0.106548 0.106633 0.106596 0.106561 0.106648 0.106652 0.106614 0.106578 0.106543 0.106547
612 0.106544 0.106628 0.106591 0.106557 0.106643 0.106648 0.106609 0.106574 0.106539 0.106543
613 0.10654 0.106624 0.106587 0.106553 0.106639 0.106643 0.106605 0.106569 0.106535 0.106539
614 0.106535 0.10662 0.106583 0.106549 0.106634 0.106639 0.106601 0.106565 0.106531 0.106535
615 0.106532 0.106615 0.106579 0.106544 0.10663 0.106634 0.106596 0.106561 0.106527 0.106531
616 0.106528 0.106611 0.106575 0.10654 0.106626 0.10663 0.106592 0.106557 0.106523 0.106527
617 0.106524 0.106607 0.106571 0.106536 0.106621 0.106626 0.106588 0.106553 0.106519 0.106523
618 0.10652 0.106602 0.106566 0.106532 0.106617 0.106621 0.106584 0.106549 0.106516 0.106519
619 0.106516 0.106598 0.106562 0.106528 0.106613 0.106617 0.10658 0.106545 0.106512 0.106515
620 0.106512 0.106594 0.106558 0.106525 0.106608 0.106613 0.106575 0.106541 0.106508 0.106511
621 0.106508 0.10659 0.106554 0.106521 0.106604 0.106608 0.106571 0.106537 0.106504 0.106507
622 0.106504 0.106585 0.10655 0.106517 0.1066 0.106604 0.106567 0.106533 0.1065 0.106504
623 0.1065 0.106581 0.106546 0.106513 0.106595 0.1066 0.106563 0.106529 0.106496 0.1065
624 0.106496 0.106577 0.106542 0.106509 0.106591 0.106595 0.106559 0.106525 0.106492 0.106496
625 0.106493 0.106573 0.106538 0.106505 0.106587 0.106591 0.106555 0.106521 0.106489 0.106492
626 0.106489 0.106569 0.106534 0.106501 0.106583 0.106587 0.106551 0.106517 0.106485 0.106488
627 0.106485 0.106565 0.10653 0.106497 0.106579 0.106583 0.106547 0.106513 0.106481 0.106484
628 0.106481 0.106561 0.106526 0.106493 0.106575 0.106579 0.106543 0.106509 0.106477 0.106481
629 0.106477 0.106556 0.106522 0.10649 0.10657 0.106574 0.106539 0.106505 0.106473 0.106477
630 0.106474 0.106552 0.106518 0.106486 0.106566 0.10657 0.106535 0.106502 0.10647 0.106473
631 0.10647 0.106548 0.106514 0.106482 0.106562 0.106566 0.106531 0.106498 0.106466 0.106469
632 0.106466 0.106544 0.10651 0.106478 0.106558 0.106562 0.106527 0.106494 0.106462 0.106466
633 0.106462 0.10654 0.106506 0.106475 0.106554 0.106558 0.106523 0.10649 0.106459 0.106462
634 0.106459 0.106536 0.106503 0.106471 0.10655 0.106554 0.106519 0.106486 0.106455 0.106458
635 0.106455 0.106532 0.106499 0.106467 0.106546 0.10655 0.106515 0.106483 0.106451 0.106455
636 0.106451 0.106528 0.106495 0.106463 0.106542 0.106546 0.106511 0.106479 0.106448 0.106451
637 0.106448 0.106524 0.106491 0.10646 0.106538 0.106542 0.106507 0.106475 0.106444 0.106447
638 0.106444 0.10652 0.106487 0.106456 0.106534 0.106538 0.106503 0.106471 0.10644 0.106444
639 0.10644 0.106516 0.106484 0.106452 0.10653 0.106534 0.106499 0.106468 0.106437 0.10644
640 0.106437 0.106513 0.10648 0.106449 0.106526 0.10653 0.106496 0.106464 0.106433 0.106436
641 0.106433 0.106509 0.106476 0.106445 0.106522 0.106526 0.106492 0.10646 0.10643 0.106433
642 0.10643 0.106505 0.106472 0.106441 0.106518 0.106522 0.106488 0.106456 0.106426 0.106429
643 0.106426 0.106501 0.106468 0.106438 0.106514 0.106518 0.106484 0.106453 0.106422 0.106426
644 0.106423 0.106497 0.106465 0.106434 0.10651 0.106514 0.10648 0.106449 0.106419 0.106422
645 0.106419 0.106493 0.106461 0.106431 0.106506 0.10651 0.106477 0.106445 0.106415 0.106419
646 0.106416 0.106489 0.106457 0.106427 0.106502 0.106506 0.106473 0.106442 0.106412 0.106415
647 0.106412 0.106486 0.106454 0.106423 0.106499 0.106502 0.106469 0.106438 0.106408 0.106412
648 0.106409 0.106482 0.10645 0.10642 0.106495 0.106499 0.106465 0.106435 0.106405 0.106408
649 0.106405 0.106478 0.106446 0.106416 0.106491 0.106495 0.106462 0.106431 0.106401 0.106405
650 0.106402 0.106474 0.106443 0.106413 0.106487 0.106491 0.106458 0.106427 0.106398 0.106401
651 0.106398 0.106471 0.106439 0.106409 0.106483 0.106487 0.106454 0.106424 0.106394 0.106398
652 0.106395 0.106467 0.106436 0.106406 0.10648 0.106483 0.106451 0.10642 0.106391 0.106394
653 0.106391 0.106463 0.106432 0.106402 0.106476 0.10648 0.106447 0.106417 0.106388 0.106391
654 0.106388 0.106459 0.106428 0.106399 0.106472 0.106476 0.106443 0.106413 0.106384 0.106387
655 0.106384 0.106456 0.106425 0.106395 0.106468 0.106472 0.10644 0.10641 0.106381 0.106384
656 0.106381 0.106452 0.106421 0.106392 0.106465 0.106468 0.106436 0.106406 0.106377 0.106381
657 0.106378 0.106448 0.106418 0.106389 0.106461 0.106465 0.106433 0.106403 0.106374 0.106377
658 0.106374 0.106445 0.106414 0.106385 0.106457 0.106461 0.106429 0.106399 0.106371 0.106374
659 0.106371 0.106441 0.106411 0.106382 0.106454 0.106457 0.106425 0.106396 0.106367 0.10637
660 0.106368 0.106438 0.106407 0.106378 0.10645 0.106453 0.106422 0.106392 0.106364 0.106367
661 0.106364 0.106434 0.106404 0.106375 0.106446 0.10645 0.106418 0.106389 0.106361 0.106364
662 0.106361 0.10643 0.1064 0.106372 0.106443 0.106446 0.106415 0.106386 0.106357 0.10636
663 0.106358 0.106427 0.106397 0.106368 0.106439 0.106443 0.106411 0.106382 0.106354 0.106357
664 0.106354 0.106423 0.106393 0.106365 0.106435 0.106439 0.106408 0.106379 0.106351 0.106354
665 0.106351 0.10642 0.10639 0.106362 0.106432 0.106435 0.106404 0.106376 0.106348 0.106351
666 0.106348 0.106416 0.106387 0.106358 0.106428 0.106432 0.106401 0.106372 0.106344 0.106347
667 0.106345 0.106413 0.106383 0.106355 0.106425 0.106428 0.106397 0.106369 0.106341 0.106344
668 0.106341 0.106409 0.10638 0.106352 0.106421 0.106425 0.106394 0.106365 0.106338 0.106341
669 0.106338 0.106406 0.106376 0.106349 0.106418 0.106421 0.106391 0.106362 0.106335 0.106338
670 0.106335 0.106402 0.106373 0.106345 0.106414 0.106418 0.106387 0.106359 0.106331 0.106334
671 0.106332 0.106399 0.10637 0.106342 0.106411 0.106414 0.106384 0.106356 0.106328 0.106331
672 0.106328 0.106395 0.106366 0.106339 0.106407 0.10641 0.10638 0.106352 0.106325 0.106328
673 0.106325 0.106392 0.106363 0.106336 0.106404 0.106407 0.106377 0.106349 0.106322 0.106325
674 0.106322 0.106388 0.10636 0.106332 0.1064 0.106404 0.106374 0.106346 0.106319 0.106322
675 0.106319 0.106385 0.106356 0.106329 0.106397 0.1064 0.10637 0.106342 0.106316 0.106319
676 0.106316 0.106382 0.106353 0.106326 0.106393 0.106397 0.106367 0.106339 0.106312 0.106315
677 0.106313 0.106378 0.10635 0.106323 0.10639 0.106393 0.106364 0.106336 0.106309 0.106312
678 0.10631 0.106375 0.106347 0.10632 0.106386 0.10639 0.10636 0.106333 0.106306 0.106309
679 0.106306 0.106372 0.106343 0.106317 0.106383 0.106386 0.106357 0.10633 0.106303 0.106306
680 0.106303 0.106368 0.10634 0.106313 0.10638 0.106383 0.106354 0.106326 0.1063 0.106303
681 0.1063 0.106365 0.106337 0.10631 0.106376 0.10638 0.10635 0.106323 0.106297 0.1063
682 0.106297 0.106362 0.106334 0.106307 0.106373 0.106376 0.106347 0.10632 0.106294 0.106297
683 0.106294 0.106358 0.10633 0.106304 0.106369 0.106373 0.106344 0.106317 0.106291 0.106294
684 0.106291 0.106355 0.106327 0.106301 0.106366 0.106369 0.106341 0.106314 0.106288 0.106291
685 0.106288 0.106352 0.106324 0.106298 0.106363 0.106366 0.106337 0.106311 0.106285 0.106288
686 0.106285 0.106348 0.106321 0.106295 0.10636 0.106363 0.106334 0.106308 0.106282 0.106285
687 0.106282 0.106345 0.106318 0.106292 0.106356 0.106359 0.106331 0.106304 0.106279 0.106282
688 0.106279 0.106342 0.106315 0.106289 0.106353 0.106356 0.106328 0.106301 0.106276 0.106279
689 0.106276 0.106339 0.106311 0.106286 0.10635 0.106353 0.106325 0.106298 0.106273 0.106276
690 0.106273 0.106335 0.106308 0.106283 0.106346 0.10635 0.106321 0.106295 0.10627 0.106273
691 0.10627 0.106332 0.106305 0.10628 0.106343 0.106346 0.106318 0.106292 0.106267 0.10627
692 0.106267 0.106329 0.106302 0.106277 0.10634 0.106343 0.106315 0.106289 0.106264 0.106267
693 0.106264 0.106326 0.106299 0.106274 0.106337 0.10634 0.106312 0.106286 0.106261 0.106264
694 0.106261 0.106323 0.106296 0.106271 0.106333 0.106337 0.106309 0.106283 0.106258 0.106261
695 0.106258 0.10632 0.106293 0.106268 0.10633 0.106333 0.106306 0.10628 0.106255 0.106258
696 0.106255 0.106316 0.10629 0.106265 0.106327 0.10633 0.106303 0.106277 0.106252 0.106255
697 0.106252 0.106313 0.106287 0.106262 0.106324 0.106327 0.1063 0.106274 0.106249 0.106252
698 0.106249 0.10631 0.106284 0.106259 0.106321 0.106324 0.106297 0.106271 0.106246 0.106249
699 0.106247 0.106307 0.106281 0.106256 0.106318 0.106321 0.106293 0.106268 0.106243 0.106246
700 0.106244 0.106304 0.106278 0.106253 0.106314 0.106318 0.10629 0.106265 0.106241 0.106243
701 0.106241 0.106301 0.106275 0.10625 0.106311 0.106314 0.106287 0.106262 0.106238 0.10624
702 0.106238 0.106298 0.106272 0.106247 0.106308 0.106311 0.106284 0.106259 0.106235 0.106238
703 0.106235 0.106295 0.106269 0.106244 0.106305 0.106308 0.106281 0.106256 0.106232 0.106235
704 0.106232 0.106292 0.106266 0.106241 0.106302 0.106305 0.106278 0.106253 0.106229 0.106232
705 0.106229 0.106289 0.106263 0.106239 0.106299 0.106302 0.106275 0.10625 0.106226 0.106229
706 0.106227 0.106286 0.10626 0.106236 0.106296 0.106299 0.106272 0.106248 0.106224 0.106226
707 0.106224 0.106282 0.106257 0.106233 0.106293 0.106296 0.106269 0.106245 0.106221 0.106223
708 0.106221 0.106279 0.106254 0.10623 0.10629 0.106293 0.106266 0.106242 0.106218 0.106221
709 0.106218 0.106276 0.106251 0.106227 0.106287 0.10629 0.106263 0.106239 0.106215 0.106218
710 0.106215 0.106273 0.106248 0.106224 0.106284 0.106287 0.106261 0.106236 0.106212 0.106215
711 0.106213 0.10627 0.106245 0.106222 0.106281 0.106284 0.106258 0.106233 0.10621 0.106212
712 0.10621 0.106268 0.106243 0.106219 0.106278 0.106281 0.106255 0.10623 0.106207 0.106209
713 0.106207 0.106265 0.10624 0.106216 0.106275 0.106278 0.106252 0.106228 0.106204 0.106207
714 0.106204 0.106262 0.106237 0.106213 0.106272 0.106275 0.106249 0.106225 0.106201 0.106204
715 0.106202 0.106259 0.106234 0.10621 0.106269 0.106272 0.106246 0.106222 0.106199 0.106201
716 0.106199 0.106256 0.106231 0.106208 0.106266 0.106269 0.106243 0.106219 0.106196 0.106199
717 0.106196 0.106253 0.106228 0.106205 0.106263 0.106266 0.10624 0.106216 0.106193 0.106196
718 0.106193 0.10625 0.106225 0.106202 0.10626 0.106263 0.106237 0.106214 0.106191 0.106193
719 0.106191 0.106247 0.106223 0.1062 0.106257 0.10626 0.106234 0.106211 0.106188 0.10619
720 0.106188 0.106244 0.10622 0.106197 0.106254 0.106257 0.106232 0.106208 0.106185 0.106188
721 0.106185 0.106241 0.106217 0.106194 0.106251 0.106254 0.106229 0.106205 0.106183 0.106185
722 0.106183 0.106238 0.106214 0.106191 0.106248 0.106251 0.106226 0.106203 0.10618 0.106182
723 0.10618 0.106236 0.106212 0.106189 0.106245 0.106248 0.106223 0.1062 0.106177 0.10618
724 0.106177 0.106233 0.106209 0.106186 0.106242 0.106245 0.10622 0.106197 0.106175 0.106177
725 0.106175 0.10623 0.106206 0.106183 0.10624 0.106242 0.106218 0.106194 0.106172 0.106174
726 0.106172 0.106227 0.106203 0.106181 0.106237 0.10624 0.106215 0.106192 0.106169 0.106172
727 0.10617 0.106224 0.106201 0.106178 0.106234 0.106237 0.106212 0.106189 0.106167 0.106169
728 0.106167 0.106221 0.106198 0.106175 0.106231 0.106234 0.106209 0.106186 0.106164 0.106167
729 0.106164 0.106219 0.106195 0.106173 0.106228 0.106231 0.106207 0.106184 0.106162 0.106164
730 0.106162 0.106216 0.106192 0.10617 0.106225 0.106228 0.106204 0.106181 0.106159 0.106161
731 0.106159 0.106213 0.10619 0.106168 0.106223 0.106225 0.106201 0.106178 0.106156 0.106159
732 0.106157 0.10621 0.106187 0.106165 0.10622 0.106223 0.106198 0.106176 0.106154 0.106156
733 0.106154 0.106208 0.106184 0.106162 0.106217 0.10622 0.106196 0.106173 0.106151 0.106154
734 0.106151 0.106205 0.106182 0.10616 0.106214 0.106217 0.106193 0.106171 0.106149 0.106151
735 0.106149 0.106202 0.106179 0.106157 0.106211 0.106214 0.10619 0.106168 0.106146 0.106149
736 0.106146 0.106199 0.106176 0.106155 0.106209 0.106211 0.106188 0.106165 0.106144 0.106146
737 0.106144 0.106197 0.106174 0.106152 0.106206 0.106209 0.106185 0.106163 0.106141 0.106144
738 0.106141 0.106194 0.106171 0.10615 0.106203 0.106206 0.106182 0.10616 0.106139 0.106141
739 0.106139 0.106191 0.106169 0.106147 0.1062 0.106203 0.10618 0.106158 0.106136 0.106139
740 0.106136 0.106189 0.106166 0.106144 0.106198 0.1062 0.106177 0.106155 0.106134 0.106136
741 0.106134 0.106186 0.106163 0.106142 0.106195 0.106198 0.106174 0.106152 0.106131 0.106134
742 0.106131 0.106183 0.106161 0.106139 0.106192 0.106195 0.106172 0.10615 0.106129 0.106131
743 0.106129 0.106181 0.106158 0.106137 0.10619 0.106192 0.106169 0.106147 0.106126 0.106129
744 0.106126 0.106178 0.106156 0.106134 0.106187 0.10619 0.106166 0.106145 0.106124 0.106126
745 0.106124 0.106175 0.106153 0.106132 0.106184 0.106187 0.106164 0.106142 0.106121 0.106124
746 0.106122 0.106173 0.106151 0.106129 0.106182 0.106184 0.106161 0.10614 0.106119 0.106121
747 0.106119 0.10617 0.106148 0.106127 0.106179 0.106182 0.106159 0.106137 0.106116 0.106119
748 0.106117 0.106167 0.106145 0.106125 0.106176 0.106179 0.106156 0.106135 0.106114 0.106116
749 0.106114 0.106165 0.106143 0.106122 0.106174 0.106176 0.106154 0.106132 0.106112 0.106114
750 0.106112 0.106162 0.10614 0.10612 0.106171 0.106174 0.106151 0.10613 0.106109 0.106111
751 0.106109 0.10616 0.106138 0.106117 0.106168 0.106171 0.106148 0.106127 0.106107 0.106109
752 0.106107 0.106157 0.106135 0.106115 0.106166 0.106168 0.106146 0.106125 0.106104 0.106107
753 0.106105 0.106155 0.106133 0.106112 0.106163 0.106166 0.106143 0.106122 0.106102 0.106104
754 0.106102 0.106152 0.10613 0.10611 0.106161 0.106163 0.106141 0.10612 0.1061 0.106102
755 0.1061 0.106149 0.106128 0.106108 0.106158 0.106161 0.106138 0.106118 0.106097 0.1061
756 0.106097 0.106147 0.106126 0.106105 0.106156 0.106158 0.106136 0.106115 0.106095 0.106097
757 0.106095 0.106144 0.106123 0.106103 0.106153 0.106156 0.106133 0.106113 0.106093 0.106095
758 0.106093 0.106142 0.106121 0.1061 0.10615 0.106153 0.106131 0.10611 0.10609 0.106092
759 0.10609 0.106139 0.106118 0.106098 0.106148 0.10615 0.106128 0.106108 0.106088 0.10609
760 0.106088 0.106137 0.106116 0.106096 0.106145 0.106148 0.106126 0.106105 0.106086 0.106088
761 0.106086 0.106134 0.106113 0.106093 0.106143 0.106145 0.106123 0.106103 0.106083 0.106085
762 0.106083 0.106132 0.106111 0.106091 0.10614 0.106143 0.106121 0.106101 0.106081 0.106083
763 0.106081 0.106129 0.106108 0.106089 0.106138 0.10614 0.106119 0.106098 0.106079 0.106081
764 0.106079 0.106127 0.106106 0.106086 0.106135 0.106138 0.106116 0.106096 0.106076 0.106078
765 0.106076 0.106124 0.106104 0.106084 0.106133 0.106135 0.106114 0.106094 0.106074 0.106076
766 0.106074 0.106122 0.106101 0.106082 0.10613 0.106133 0.106111 0.106091 0.106072 0.106074
767 0.106072 0.10612 0.106099 0.106079 0.106128 0.10613 0.106109 0.106089 0.106069 0.106072
768 0.10607 0.106117 0.106097 0.106077 0.106125 0.106128 0.106107 0.106087 0.106067 0.106069
769 0.106067 0.106115 0.106094 0.106075 0.106123 0.106125 0.106104 0.106084 0.106065 0.106067
770 0.106065 0.106112 0.106092 0.106072 0.10612 0.106123 0.106102 0.106082 0.106063 0.106065
771 0.106063 0.10611 0.10609 0.10607 0.106118 0.10612 0.106099 0.10608 0.10606 0.106063
772 0.106061 0.106107 0.106087 0.106068 0.106116 0.106118 0.106097 0.106077 0.106058 0.10606
773 0.106058 0.106105 0.106085 0.106066 0.106113 0.106116 0.106095 0.106075 0.106056 0.106058
774 0.106056 0.106103 0.106083 0.106063 0.106111 0.106113 0.106092 0.106073 0.106054 0.106056
775 0.106054 0.1061 0.10608 0.106061 0.106108 0.106111 0.10609 0.10607 0.106052 0.106054
776 0.106052 0.106098 0.106078 0.106059 0.106106 0.106108 0.106088 0.106068 0.106049 0.106051
777 0.106049 0.106096 0.106076 0.106057 0.106104 0.106106 0.106085 0.106066 0.106047 0.106049
778 0.106047 0.106093 0.106073 0.106054 0.106101 0.106104 0.106083 0.106064 0.106045 0.106047
779 0.106045 0.106091 0.106071 0.106052 0.106099 0.106101 0.106081 0.106061 0.106043 0.106045
780 0.106043 0.106088 0.106069 0.10605 0.106096 0.106099 0.106078 0.106059 0.106041 0.106043
781 0.106041 0.106086 0.106067 0.106048 0.106094 0.106096 0.106076 0.106057 0.106038 0.10604
782 0.106039 0.106084 0.106064 0.106046 0.106092 0.106094 0.106074 0.106055 0.106036 0.106038
783 0.106036 0.106082 0.106062 0.106043 0.106089 0.106092 0.106071 0.106053 0.106034 0.106036
784 0.106034 0.106079 0.10606 0.106041 0.106087 0.106089 0.106069 0.10605 0.106032 0.106034
785 0.106032 0.106077 0.106058 0.106039 0.106085 0.106087 0.106067 0.106048 0.10603 0.106032
786 0.10603 0.106075 0.106055 0.106037 0.106082 0.106085 0.106065 0.106046 0.106028 0.10603
787 0.106028 0.106072 0.106053 0.106035 0.10608 0.106082 0.106062 0.106044 0.106026 0.106028
788 0.106026 0.10607 0.106051 0.106033 0.106078 0.10608 0.10606 0.106042 0.106023 0.106025
789 0.106024 0.106068 0.106049 0.10603 0.106076 0.106078 0.106058 0.106039 0.106021 0.106023
790 0.106021 0.106066 0.106046 0.106028 0.106073 0.106075 0.106056 0.106037 0.106019 0.106021
791 0.106019 0.106063 0.106044 0.106026 0.106071 0.106073 0.106053 0.106035 0.106017 0.106019
792 0.106017 0.106061 0.106042 0.106024 0.106069 0.106071 0.106051 0.106033 0.106015 0.106017
793 0.106015 0.106059 0.10604 0.106022 0.106066 0.106069 0.106049 0.106031 0.106013 0.106015
794 0.106013 0.106057 0.106038 0.10602 0.106064 0.106066 0.106047 0.106029 0.106011 0.106013
795 0.106011 0.106054 0.106036 0.106018 0.106062 0.106064 0.106045 0.106026 0.106009 0.106011
796 0.106009 0.106052 0.106033 0.106016 0.10606 0.106062 0.106042 0.106024 0.106007 0.106009
797 0.106007 0.10605 0.106031 0.106014 0.106057 0.10606 0.10604 0.106022 0.106005 0.106007
798 0.106005 0.106048 0.106029 0.106011 0.106055 0.106057 0.106038 0.10602 0.106003 0.106004
799 0.106003 0.106045 0.106027 0.106009 0.106053 0.106055 0.106036 0.106018 0.106 0.106002
800 0.106001 0.106043 0.106025 0.106007 0.106051 0.106053 0.106034 0.106016 0.105998 0.106
801 0.105999 0.106041 0.106023 0.106005 0.106049 0.106051 0.106032 0.106014 0.105996 0.105998
802 0.105997 0.106039 0.106021 0.106003 0.106046 0.106049 0.10603 0.106012 0.105994 0.105996
803 0.105995 0.106037 0.106019 0.106001 0.106044 0.106046 0.106027 0.10601 0.105992 0.105994
804 0.105992 0.106035 0.106016 0.105999 0.106042 0.106044 0.106025 0.106008 0.10599 0.105992
805 0.10599 0.106032 0.106014 0.105997 0.10604 0.106042 0.106023 0.106005 0.105988 0.10599
806 0.105988 0.10603 0.106012 0.105995 0.106038 0.10604 0.106021 0.106003 0.105986 0.105988
807 0.105986 0.106028 0.10601 0.105993 0.106035 0.106038 0.106019 0.106001 0.105984 0.105986
808 0.105984 0.106026 0.106008 0.105991 0.106033 0.106035 0.106017 0.105999 0.105982 0.105984
809 0.105982 0.106024 0.106006 0.105989 0.106031 0.106033 0.106015 0.105997 0.10598 0.105982
810 0.10598 0.106022 0.106004 0.105987 0.106029 0.106031 0.106013 0.105995 0.105978 0.10598
811 0.105979 0.10602 0.106002 0.105985 0.106027 0.106029 0.106011 0.105993 0.105976 0.105978
812 0.105977 0.106018 0.106 0.105983 0.106025 0.106027 0.106008 0.105991 0.105974 0.105976
813 0.105975 0.106015 0.105998 0.105981 0.106023 0.106025 0.106006 0.105989 0.105972 0.105974
814 0.105973 0.106013 0.105996 0.105979 0.106021 0.106023 0.106004 0.105987 0.105971 0.105972
815 0.105971 0.106011 0.105994 0.105977 0.106018 0.10602 0.106002 0.105985 0.105969 0.10597
816 0.105969 0.106009 0.105992 0.105975 0.106016 0.106018 0.106 0.105983 0.105967 0.105968
817 0.105967 0.106007 0.10599 0.105973 0.106014 0.106016 0.105998 0.105981 0.105965 0.105967
818 0.105965 0.106005 0.105988 0.105971 0.106012 0.106014 0.105996 0.105979 0.105963 0.105965
819 0.105963 0.106003 0.105986 0.105969 0.10601 0.106012 0.105994 0.105977 0.105961 0.105963
820 0.105961 0.106001 0.105984 0.105967 0.106008 0.10601 0.105992 0.105975 0.105959 0.105961
821 0.105959 0.105999 0.105982 0.105965 0.106006 0.106008 0.10599 0.105973 0.105957 0.105959
822 0.105957 0.105997 0.10598 0.105963 0.106004 0.106006 0.105988 0.105971 0.105955 0.105957
823 0.105955 0.105995 0.105978 0.105961 0.106002 0.106004 0.105986 0.105969 0.105953 0.105955
824 0.105953 0.105993 0.105976 0.10596 0.106 0.106002 0.105984 0.105967 0.105951 0.105953
825 0.105951 0.105991 0.105974 0.105958 0.105998 0.106 0.105982 0.105966 0.105949 0.105951
826 0.10595 0.105989 0.105972 0.105956 0.105996 0.105998 0.10598 0.105964 0.105948 0.105949
827 0.105948 0.105987 0.10597 0.105954 0.105994 0.105996 0.105978 0.105962 0.105946 0.105947
828 0.105946 0.105985 0.105968 0.105952 0.105992 0.105994 0.105976 0.10596 0.105944 0.105946
829 0.105944 0.105983 0.105966 0.10595 0.10599 0.105992 0.105974 0.105958 0.105942 0.105944
830 0.105942 0.105981 0.105964 0.105948 0.105988 0.10599 0.105972 0.105956 0.10594 0.105942
831 0.10594 0.105979 0.105962 0.105946 0.105986 0.105988 0.10597 0.105954 0.105938 0.10594
832 0.105938 0.105977 0.10596 0.105944 0.105984 0.105986 0.105968 0.105952 0.105936 0.105938
833 0.105937 0.105975 0.105958 0.105943 0.105982 0.105984 0.105966 0.10595 0.105935 0.105936
834 0.105935 0.105973 0.105956 0.105941 0.10598 0.105982 0.105964 0.105948 0.105933 0.105934
835 0.105933 0.105971 0.105955 0.105939 0.105978 0.10598 0.105963 0.105947 0.105931 0.105933
836 0.105931 0.105969 0.105953 0.105937 0.105976 0.105978 0.105961 0.105945 0.105929 0.105931
837 0.105929 0.105967 0.105951 0.105935 0.105974 0.105976 0.105959 0.105943 0.105927 0.105929
838 0.105927 0.105965 0.105949 0.105933 0.105972 0.105974 0.105957 0.105941 0.105925 0.105927
839 0.105926 0.105963 0.105947 0.105931 0.10597 0.105972 0.105955 0.105939 0.105924 0.105925
840 0.105924 0.105961 0.105945 0.10593 0.105968 0.10597 0.105953 0.105937 0.105922 0.105924
841 0.105922 0.105959 0.105943 0.105928 0.105966 0.105968 0.105951 0.105935 0.10592 0.105922
842 0.10592 0.105958 0.105941 0.105926 0.105964 0.105966 0.105949 0.105934 0.105918 0.10592
843 0.105918 0.105956 0.10594 0.105924 0.105962 0.105964 0.105947 0.105932 0.105916 0.105918
844 0.105917 0.105954 0.105938 0.105922 0.10596 0.105962 0.105945 0.10593 0.105915 0.105916
845 0.105915 0.105952 0.105936 0.105921 0.105958 0.10596 0.105944 0.105928 0.105913 0.105915
846 0.105913 0.10595 0.105934 0.105919 0.105956 0.105958 0.105942 0.105926 0.105911 0.105913
847 0.105911 0.105948 0.105932 0.105917 0.105954 0.105956 0.10594 0.105924 0.105909 0.105911
848 0.10591 0.105946 0.10593 0.105915 0.105953 0.105954 0.105938 0.105923 0.105908 0.105909
849 0.105908 0.105944 0.105929 0.105913 0.105951 0.105953 0.105936 0.105921 0.105906 0.105908
850 0.105906 0.105942 0.105927 0.105912 0.105949 0.105951 0.105934 0.105919 0.105904 0.105906
851 0.105904 0.105941 0.105925 0.10591 0.105947 0.105949 0.105933 0.105917 0.105902 0.105904
852 0.105903 0.105939 0.105923 0.105908 0.105945 0.105947 0.105931 0.105915 0.105901 0.105902
853 0.105901 0.105937 0.105921 0.105906 0.105943 0.105945 0.105929 0.105914 0.105899 0.105901
854 0.105899 0.105935 0.10592 0.105905 0.105941 0.105943 0.105927 0.105912 0.105897 0.105899
855 0.105897 0.105933 0.105918 0.105903 0.105939 0.105941 0.105925 0.10591 0.105896 0.105897
856 0.105896 0.105931 0.105916 0.105901 0.105938 0.105939 0.105923 0.105908 0.105894 0.105895
857 0.105894 0.10593 0.105914 0.105899 0.105936 0.105938 0.105922 0.105907 0.105892 0.105894
858 0.105892 0.105928 0.105912 0.105898 0.105934 0.105936 0.10592 0.105905 0.10589 0.105892
859 0.10589 0.105926 0.105911 0.105896 0.105932 0.105934 0.105918 0.105903 0.105889 0.10589
860 0.105889 0.105924 0.105909 0.105894 0.10593 0.105932 0.105916 0.105901 0.105887 0.105889
861 0.105887 0.105922 0.105907 0.105893 0.105928 0.10593 0.105914 0.1059 0.105885 0.105887
862 0.105885 0.105921 0.105905 0.105891 0.105927 0.105928 0.105913 0.105898 0.105884 0.105885
863 0.105884 0.105919 0.105904 0.105889 0.105925 0.105927 0.105911 0.105896 0.105882 0.105884
864 0.105882 0.105917 0.105902 0.105887 0.105923 0.105925 0.105909 0.105895 0.10588 0.105882
865 0.10588 0.105915 0.1059 0.105886 0.105921 0.105923 0.105907 0.105893 0.105879 0.10588
866 0.105879 0.105913 0.105898 0.105884 0.105919 0.105921 0.105906 0.105891 0.105877 0.105879
867 0.105877 0.105912 0.105897 0.105882 0.105918 0.105919 0.105904 0.105889 0.105875 0.105877
868 0.105875 0.10591 0.105895 0.105881 0.105916 0.105918 0.105902 0.105888 0.105874 0.105875
869 0.105874 0.105908 0.105893 0.105879 0.105914 0.105916 0.1059 0.105886 0.105872 0.105874
870 0.105872 0.105906 0.105892 0.105877 0.105912 0.105914 0.105899 0.105884 0.10587 0.105872
871 0.10587 0.105905 0.10589 0.105876 0.105911 0.105912 0.105897 0.105883 0.105869 0.10587
872 0.105869 0.105903 0.105888 0.105874 0.105909 0.105911 0.105895 0.105881 0.105867 0.105869
873 0.105867 0.105901 0.105886 0.105872 0.105907 0.105909 0.105894 0.105879 0.105865 0.105867
874 0.105866 0.105899 0.105885 0.105871 0.105905 0.105907 0.105892 0.105878 0.105864 0.105865
875 0.105864 0.105898 0.105883 0.105869 0.105904 0.105905 0.10589 0.105876 0.105862 0.105864
876 0.105862 0.105896 0.105881 0.105868 0.105902 0.105904 0.105888 0.105874 0.105861 0.105862
877 0.105861 0.105894 0.10588 0.105866 0.1059 0.105902 0.105887 0.105873 0.105859 0.10586
878 0.105859 0.105893 0.105878 0.105864 0.105898 0.1059 0.105885 0.105871 0.105857 0.105859
879 0.105857 0.105891 0.105876 0.105863 0.105897 0.105898 0.105883 0.105869 0.105856 0.105857
880 0.105856 0.105889 0.105875 0.105861 0.105895 0.105897 0.105882 0.105868 0.105854 0.105856
881 0.105854 0.105887 0.105873 0.105859 0.105893 0.105895 0.10588 0.105866 0.105853 0.105854
882 0.105853 0.105886 0.105871 0.105858 0.105891 0.105893 0.105878 0.105865 0.105851 0.105852
883 0.105851 0.105884 0.10587 0.105856 0.10589 0.105891 0.105877 0.105863 0.105849 0.105851
884 0.10585 0.105882 0.105868 0.105855 0.105888 0.10589 0.105875 0.105861 0.105848 0.105849
885 0.105848 0.105881 0.105867 0.105853 0.105886 0.105888 0.105873 0.10586 0.105846 0.105848
886 0.105846 0.105879 0.105865 0.105851 0.105885 0.105886 0.105872 0.105858 0.105845 0.105846
887 0.105845 0.105877 0.105863 0.10585 0.105883 0.105885 0.10587 0.105856 0.105843 0.105845
888 0.105843 0.105876 0.105862 0.105848 0.105881 0.105883 0.105868 0.105855 0.105842 0.105843
889 0.105842 0.105874 0.10586 0.105847 0.10588 0.105881 0.105867 0.105853 0.10584 0.105842
890 0.10584 0.105872 0.105858 0.105845 0.105878 0.10588 0.105865 0.105852 0.105839 0.10584
891 0.105839 0.105871 0.105857 0.105844 0.105876 0.105878 0.105864 0.10585 0.105837 0.105838
892 0.105837 0.105869 0.105855 0.105842 0.105875 0.105876 0.105862 0.105849 0.105835 0.105837
893 0.105836 0.105867 0.105854 0.105841 0.105873 0.105875 0.10586 0.105847 0.105834 0.105835
894 0.105834 0.105866 0.105852 0.105839 0.105871 0.105873 0.105859 0.105845 0.105832 0.105834
895 0.105832 0.105864 0.105851 0.105837 0.10587 0.105871 0.105857 0.105844 0.105831 0.105832
896 0.105831 0.105863 0.105849 0.105836 0.105868 0.10587 0.105856 0.105842 0.105829 0.105831
897 0.105829 0.105861 0.105847 0.105834 0.105866 0.105868 0.105854 0.105841 0.105828 0.105829
898 0.105828 0.105859 0.105846 0.105833 0.105865 0.105866 0.105852 0.105839 0.105826 0.105828
899 0.105826 0.105858 0.105844 0.105831 0.105863 0.105865 0.105851 0.105838 0.105825 0.105826
900 0.105825 0.105856 0.105843 0.10583 0.105862 0.105863 0.105849 0.105836 0.105823 0.105825
901 0.105823 0.105855 0.105841 0.105828 0.10586 0.105862 0.105848 0.105835 0.105822 0.105823
902 0.105822 0.105853 0.10584 0.105827 0.105858 0.10586 0.105846 0.105833 0.10582 0.105822
903 0.10582 0.105851 0.105838 0.105825 0.105857 0.105858 0.105845 0.105831 0.105819 0.10582
904 0.105819 0.10585 0.105836 0.105824 0.105855 0.105857 0.105843 0.10583 0.105817 0.105819
905 0.105817 0.105848 0.105835 0.105822 0.105854 0.105855 0.105841 0.105828 0.105816 0.105817
906 0.105816 0.105847 0.105833 0.105821 0.105852 0.105854 0.10584 0.105827 0.105814 0.105816
907 0.105814 0.105845 0.105832 0.105819 0.10585 0.105852 0.105838 0.105825 0.105813 0.105814
908 0.105813 0.105844 0.10583 0.105818 0.105849 0.10585 0.105837 0.105824 0.105811 0.105813
909 0.105812 0.105842 0.105829 0.105816 0.105847 0.105849 0.105835 0.105822 0.10581 0.105811
910 0.10581 0.10584 0.105827 0.105815 0.105846 0.105847 0.105834 0.105821 0.105808 0.10581
911 0.105809 0.105839 0.105826 0.105813 0.105844 0.105846 0.105832 0.105819 0.105807 0.105808
912 0.105807 0.105837 0.105824 0.105812 0.105843 0.105844 0.105831 0.105818 0.105806 0.105807
913 0.105806 0.105836 0.105823 0.10581 0.105841 0.105843 0.105829 0.105816 0.105804 0.105805
914 0.105804 0.105834 0.105821 0.105809 0.10584 0.105841 0.105828 0.105815 0.105803 0.105804
915 0.105803 0.105833 0.10582 0.105807 0.105838 0.105839 0.105826 0.105814 0.105801 0.105803
916 0.105801 0.105831 0.105818 0.105806 0.105836 0.105838 0.105825 0.105812 0.1058 0.105801
917 0.1058 0.10583 0.105817 0.105805 0.105835 0.105836 0.105823 0.105811 0.105798 0.1058
918 0.105798 0.105828 0.105815 0.105803 0.105833 0.105835 0.105822 0.105809 0.105797 0.105798
919 0.105797 0.105827 0.105814 0.105802 0.105832 0.105833 0.10582 0.105808 0.105796 0.105797
920 0.105796 0.105825 0.105812 0.1058 0.10583 0.105832 0.105819 0.105806 0.105794 0.105795
921 0.105794 0.105824 0.105811 0.105799 0.105829 0.10583 0.105817 0.105805 0.105793 0.105794
922 0.105793 0.105822 0.105809 0.105797 0.105827 0.105829 0.105816 0.105803 0.105791 0.105793
923 0.105791 0.105821 0.105808 0.105796 0.105826 0.105827 0.105814 0.105802 0.10579 0.105791
924 0.10579 0.105819 0.105807 0.105795 0.105824 0.105826 0.105813 0.1058 0.105789 0.10579
925 0.105789 0.105818 0.105805 0.105793 0.105823 0.105824 0.105811 0.105799 0.105787 0.105788
926 0.105787 0.105816 0.105804 0.105792 0.105821 0.105823 0.10581 0.105798 0.105786 0.105787
927 0.105786 0.105815 0.105802 0.10579 0.10582 0.105821 0.105808 0.105796 0.105784 0.105786
928 0.105784 0.105813 0.105801 0.105789 0.105818 0.10582 0.105807 0.105795 0.105783 0.105784
929 0.105783 0.105812 0.105799 0.105788 0.105817 0.105818 0.105805 0.105793 0.105782 0.105783
930 0.105782 0.10581 0.105798 0.105786 0.105815 0.105817 0.105804 0.105792 0.10578 0.105781
931 0.10578 0.105809 0.105797 0.105785 0.105814 0.105815 0.105803 0.105791 0.105779 0.10578
932 0.105779 0.105807 0.105795 0.105783 0.105812 0.105814 0.105801 0.105789 0.105777 0.105779
933 0.105778 0.105806 0.105794 0.105782 0.105811 0.105812 0.1058 0.105788 0.105776 0.105777
934 0.105776 0.105804 0.105792 0.105781 0.105809 0.105811 0.105798 0.105786 0.105775 0.105776
935 0.105775 0.105803 0.105791 0.105779 0.105808 0.105809 0.105797 0.105785 0.105773 0.105775
936 0.105773 0.105802 0.105789 0.105778 0.105807 0.105808 0.105795 0.105784 0.105772 0.105773
937 0.105772 0.1058 0.105788 0.105776 0.105805 0.105806 0.105794 0.105782 0.105771 0.105772
938 0.105771 0.105799 0.105787 0.105775 0.105804 0.105805 0.105793 0.105781 0.105769 0.105771
939 0.105769 0.105797 0.105785 0.105774 0.105802 0.105804 0.105791 0.105779 0.105768 0.105769
940 0.105768 0.105796 0.105784 0.105772 0.105801 0.105802 0.10579 0.105778 0.105767 0.105768
941 0.105767 0.105794 0.105782 0.105771 0.105799 0.105801 0.105788 0.105777 0.105765 0.105767
942 0.105765 0.105793 0.105781 0.10577 0.105798 0.105799 0.105787 0.105775 0.105764 0.105765
943 0.105764 0.105792 0.10578 0.105768 0.105796 0.105798 0.105786 0.105774 0.105763 0.105764
944 0.105763 0.10579 0.105778 0.105767 0.105795 0.105796 0.105784 0.105773 0.105761 0.105763
945 0.105761 0.105789 0.105777 0.105766 0.105794 0.105795 0.105783 0.105771 0.10576 0.105761
946 0.10576 0.105787 0.105776 0.105764 0.105792 0.105794 0.105781 0.10577 0.105759 0.10576
947 0.105759 0.105786 0.105774 0.105763 0.105791 0.105792 0.10578 0.105769 0.105757 0.105759
948 0.105757 0.105785 0.105773 0.105762 0.105789 0.105791 0.105779 0.105767 0.105756 0.105757
949 0.105756 0.105783 0.105772 0.10576 0.105788 0.105789 0.105777 0.105766 0.105755 0.105756
950 0.105755 0.105782 0.10577 0.105759 0.105787 0.105788 0.105776 0.105765 0.105753 0.105755
951 0.105753 0.105781 0.105769 0.105758 0.105785 0.105787 0.105775 0.105763 0.105752 0.105753
952 0.105752 0.105779 0.105768 0.105756 0.105784 0.105785 0.105773 0.105762 0.105751 0.105752
953 0.105751 0.105778 0.105766 0.105755 0.105782 0.105784 0.105772 0.105761 0.10575 0.105751
954 0.10575 0.105776 0.105765 0.105754 0.105781 0.105782 0.10577 0.105759 0.105748 0.105749
955 0.105748 0.105775 0.105764 0.105753 0.10578 0.105781 0.105769 0.105758 0.105747 0.105748
956 0.105747 0.105774 0.105762 0.105751 0.105778 0.10578 0.105768 0.105757 0.105746 0.105747
957 0.105746 0.105772 0.105761 0.10575 0.105777 0.105778 0.105766 0.105755 0.105744 0.105746
958 0.105744 0.105771 0.10576 0.105749 0.105776 0.105777 0.105765 0.105754 0.105743 0.105744
959 0.105743 0.10577 0.105758 0.105747 0.105774 0.105776 0.105764 0.105753 0.105742 0.105743
960 0.105742 0.105768 0.105757 0.105746 0.105773 0.105774 0.105762 0.105751 0.105741 0.105742
961 0.105741 0.105767 0.105756 0.105745 0.105772 0.105773 0.105761 0.10575 0.105739 0.105741
962 0.105739 0.105766 0.105754 0.105744 0.10577 0.105771 0.10576 0.105749 0.105738 0.105739
963 0.105738 0.105764 0.105753 0.105742 0.105769 0.10577 0.105758 0.105748 0.105737 0.105738
964 0.105737 0.105763 0.105752 0.105741 0.105767 0.105769 0.105757 0.105746 0.105736 0.105737
965 0.105736 0.105762 0.10575 0.10574 0.105766 0.105767 0.105756 0.105745 0.105734 0.105735
966 0.105734 0.10576 0.105749 0.105738 0.105765 0.105766 0.105755 0.105744 0.105733 0.105734
967 0.105733 0.105759 0.105748 0.105737 0.105763 0.105765 0.105753 0.105742 0.105732 0.105733
968 0.105732 0.105758 0.105747 0.105736 0.105762 0.105763 0.105752 0.105741 0.105731 0.105732
969 0.105731 0.105756 0.105745 0.105735 0.105761 0.105762 0.105751 0.10574 0.105729 0.105731
970 0.105729 0.105755 0.105744 0.105733 0.105759 0.105761 0.105749 0.105739 0.105728 0.105729
971 0.105728 0.105754 0.105743 0.105732 0.105758 0.105759 0.105748 0.105737 0.105727 0.105728
972 0.105727 0.105752 0.105741 0.105731 0.105757 0.105758 0.105747 0.105736 0.105726 0.105727
973 0.105726 0.105751 0.10574 0.10573 0.105756 0.105757 0.105746 0.105735 0.105724 0.105726
974 0.105725 0.10575 0.105739 0.105728 0.105754 0.105756 0.105744 0.105734 0.105723 0.105724
975 0.105723 0.105749 0.105738 0.105727 0.105753 0.105754 0.105743 0.105732 0.105722 0.105723
976 0.105722 0.105747 0.105736 0.105726 0.105752 0.105753 0.105742 0.105731 0.105721 0.105722
977 0.105721 0.105746 0.105735 0.105725 0.10575 0.105752 0.10574 0.10573 0.10572 0.105721
978 0.10572 0.105745 0.105734 0.105724 0.105749 0.10575 0.105739 0.105729 0.105718 0.10572
979 0.105718 0.105743 0.105733 0.105722 0.105748 0.105749 0.105738 0.105727 0.105717 0.105718
980 0.105717 0.105742 0.105731 0.105721 0.105747 0.105748 0.105737 0.105726 0.105716 0.105717
981 0.105716 0.105741 0.10573 0.10572 0.105745 0.105746 0.105735 0.105725 0.105715 0.105716
982 0.105715 0.10574 0.105729 0.105719 0.105744 0.105745 0.105734 0.105724 0.105714 0.105715
983 0.105714 0.105738 0.105728 0.105718 0.105743 0.105744 0.105733 0.105723 0.105712 0.105714
984 0.105712 0.105737 0.105727 0.105716 0.105741 0.105743 0.105732 0.105721 0.105711 0.105712
985 0.105711 0.105736 0.105725 0.105715 0.10574 0.105741 0.10573 0.10572 0.10571 0.105711
986 0.10571 0.105735 0.105724 0.105714 0.105739 0.10574 0.105729 0.105719 0.105709 0.10571
987 0.105709 0.105733 0.105723 0.105713 0.105738 0.105739 0.105728 0.105718 0.105708 0.105709
988 0.105708 0.105732 0.105722 0.105712 0.105736 0.105738 0.105727 0.105717 0.105707 0.105708
989 0.105707 0.105731 0.10572 0.10571 0.105735 0.105736 0.105726 0.105715 0.105705 0.105706
990 0.105705 0.10573 0.105719 0.105709 0.105734 0.105735 0.105724 0.105714 0.105704 0.105705
991 0.105704 0.105728 0.105718 0.105708 0.105733 0.105734 0.105723 0.105713 0.105703 0.105704
992 0.105703 0.105727 0.105717 0.105707 0.105731 0.105733 0.105722 0.105712 0.105702 0.105703
993 0.105702 0.105726 0.105716 0.105706 0.10573 0.105731 0.105721 0.105711 0.105701 0.105702
994 0.105701 0.105725 0.105714 0.105705 0.105729 0.10573 0.105719 0.105709 0.1057 0.105701
995 0.1057 0.105724 0.105713 0.105703 0.105728 0.105729 0.105718 0.105708 0.105698 0.105699
996 0.105698 0.105722 0.105712 0.105702 0.105726 0.105728 0.105717 0.105707 0.105697 0.105698
997 0.105697 0.105721 0.105711 0.105701 0.105725 0.105726 0.105716 0.105706 0.105696 0.105697
998 0.105696 0.10572 0.10571 0.1057 0.105724 0.105725 0.105715 0.105705 0.105695 0.105696
999 0.105695 0.105719 0.105708 0.105699 0.105723 0.105724 0.105713 0.105704 0.105694 0.105695
